8 0.4777906851604489 0.9038461538461539 0.04988193437703771 0.049071618037135355
1 0.6274364882915618 0.7997347480106101 0.010758848591125698 0.04774535809018559
1 0.4342662522236218 0.6127320954907166 0.00978077144647803 0.04244031830238728
2 0.23669466900476693 0.26724137931034486 0.05477232010027667 0.057029177718832924
2 0.3364585377588422 0.2652519893899204 0.054772320100276634 0.05835543766578251
2 0.4376895222298892 0.26657824933687 0.053794242955628846 0.055702917771883305
2 0.5369643524116406 0.26591511936339524 0.05477232010027656 0.057029177718832924
2 0.6372172597380399 0.26657824933687 0.055750397244924484 0.05835543766578254
2 0.7379592056367631 0.26591511936339524 0.053794242955628846 0.05437665782493365
3 0.2371837075770908 0.3514588859416446 0.05379424295562888 0.055702917771883236
3 0.336947576331166 0.3521220159151193 0.05379424295562881 0.05437665782493365
3 0.4372004836575653 0.3514588859416446 0.054772320100276634 0.055702917771883236
3 0.5374533909839645 0.3521220159151193 0.053794242955628846 0.054376657824933686
3 0.6377062983103639 0.35212201591511927 0.054772320100276634 0.05437665782493364
3 0.737470167064439 0.35278514588859416 0.05281616581098106 0.053050397877984067
4 0.23767274614941478 0.4409814323607427 0.0528161658109811 0.046419098143236096
4 0.33792565347581394 0.4403183023872679 0.05575039724492445 0.05039787798408483
4 0.4381785608022131 0.4396551724137931 0.054772320100276634 0.05172413793103445
4 0.5374533909839645 0.44098143236074266 0.053794242955628846 0.04907161803713528
4 0.6372172597380399 0.43899204244031836 0.053794242955628846 0.0503978779840849
4 0.7374701670644389 0.44098143236074266 0.05477232010027632 0.0490716180371353
5 0.23816178472173857 0.5225464190981434 0.05379424295562884 0.047745358090185715
5 0.33743661490349003 0.5218832891246684 0.05477232010027667 0.04641909814323611
5 0.4376895222298892 0.5212201591511936 0.053794242955628846 0.050397877984084974
5 0.5379424295562883 0.5218832891246684 0.05281616581098106 0.04641909814323611
5 0.6372172597380399 0.5212201591511936 0.055750397244924484 0.050397877984084974
5 0.7384482442090868 0.5225464190981433 0.05281616581098106 0.05039787798408483
6 0.2376727461494147 0.6094164456233422 0.0528161658109811 0.057029177718832924
6 0.33743661490349003 0.610079575596817 0.05477232010027667 0.055702917771883236
6 0.4376895222298894 0.6094164456233423 0.055750397244924414 0.05437665782493364
6 0.5369643524116406 0.610079575596817 0.052816165810981135 0.053050397877984
6 0.6377062983103639 0.6094164456233422 0.05281616581098106 0.05172413793103445
6 0.7369811284921153 0.6094164456233422 0.053794242955628846 0.057029177718832924
7 0.2381617847217386 0.6949602122015915 0.05575039724492445 0.053050397877984067
7 0.3379256534758139 0.6942970822281167 0.05770655153422005 0.05437665782493355
7 0.5379424295562885 0.6942970822281168 0.05477232010027646 0.05702917771883308
