8 0.2721971534306668 0.9021592442645076 0.04677611046157715 0.052631578947368356
1 0.7215463847796469 0.7887989203778677 0.011942836713594147 0.041835357624831315
0 0.2965804450542549 0.07692307692307691 0.04976181963997568 0.045883940620782715
2 0.3194708820886437 0.3130904183535762 0.053742765211173694 0.053981106612685535
2 0.41899452136859494 0.31174089068825905 0.053742765211173736 0.0566801619433198
2 0.5200110152377455 0.31241565452091763 0.05473800160397325 0.05533063427800266
2 0.6200322727140967 0.3130904183535762 0.053742765211173736 0.053981106612685535
2 0.7195559119940479 0.31309041835357626 0.05374276521117366 0.05668016194331983
2 0.8195771694703989 0.31309041835357626 0.05473800160397332 0.05668016194331983
3 0.3184756456958442 0.4001349527665317 0.05573323799677276 0.055330634278002645
3 0.41949213956499476 0.4001349527665317 0.05473800160397325 0.055330634278002645
3 0.5185181606485463 0.4001349527665317 0.05573323799677268 0.055330634278002645
3 0.6180417999284976 0.40080971659919007 0.05573323799677285 0.05398110661268519
3 0.7185606756012484 0.4001349527665317 0.053742765211173806 0.055330634278002645
3 0.8190795512739993 0.3994601889338732 0.053742765211173806 0.053981106612685605
4 0.3194708820886437 0.4838056680161944 0.053742765211173694 0.05533063427800279
4 0.41849690317219523 0.48582995951417 0.05473800160397325 0.05668016194331983
4 0.5190157788449461 0.48448043184885287 0.05473800160397317 0.05668016194331983
4 0.6200322727140967 0.4851551956815115 0.053742765211173736 0.052631578947368494
4 0.7200535301904477 0.48582995951417 0.05473800160397317 0.053981106612685535
4 0.8180843148811996 0.4851551956815115 0.05573323799677283 0.05802968960863701
5 0.3184756456958441 0.5708502024291497 0.055733237996772725 0.0566801619433198
5 0.41949213956499476 0.5708502024291497 0.05274752881837415 0.05668016194331983
5 0.5200110152377455 0.5715249662618084 0.05473800160397325 0.055330634278002645
5 0.6195346545176968 0.5701754385964912 0.05473800160397325 0.05533063427800272
5 0.7200535301904477 0.5721997300944669 0.05274752881837415 0.053981106612685535
5 0.8185819330775995 0.5715249662618084 0.05473800160397332 0.055330634278002645
6 0.3184756456958442 0.6545209176788124 0.05573323799677276 0.05668016194331983
6 0.41899452136859494 0.6558704453441295 0.053742765211173736 0.05668016194331976
6 0.5195133970413458 0.6558704453441295 0.051752292425574636 0.053981106612685535
6 0.6190370363212971 0.656545209176788 0.05573323799677276 0.055330634278002645
6 0.7185606756012483 0.6551956815114711 0.055733237996772676 0.05533063427800313
6 0.8190795512739993 0.6565452091767883 0.053742765211173806 0.058029689608637
7 0.6190370363212971 0.7422402159244263 0.05573323799677276 0.05398110661268549
