2 0.16321876841912014 0.17071524966261808 0.055733237996772704 0.052631578947368425
2 0.2627424076990714 0.17071524966261808 0.05573323799677268 0.05802968960863696
2 0.36176842878262305 0.17004048582995954 0.05473800160397325 0.056680161943319846
2 0.4622873044553738 0.16936572199730093 0.05473800160397325 0.0553306342780027
2 0.5623085619317248 0.17004048582995948 0.05573323799677276 0.05937921727395411
2 0.6628274376044757 0.16936572199730093 0.05573323799677276 0.058029689608637
3 0.16222353202632064 0.2550607287449393 0.05772371078237173 0.05668016194331983
3 0.2627424076990714 0.25573549257759787 0.05573323799677268 0.058029689608636977
3 0.36226604697902276 0.25641025641025644 0.05573323799677276 0.056680161943319866
3 0.4627849226517736 0.2557354925775978 0.05573323799677276 0.05533063427800272
3 0.5623085619317248 0.25641025641025644 0.05374276521117366 0.05398110661268557
3 0.6628274376044757 0.25641025641025644 0.053742765211173736 0.05398110661268557
4 0.16222353202632064 0.34143049932523617 0.05772371078237173 0.05668016194331983
4 0.2632400258954712 0.34210526315789475 0.05473800160397321 0.05533063427800269
4 0.3632612833718223 0.34278002699055327 0.053742765211173736 0.05398110661268557
4 0.46328254084817333 0.34278002699055327 0.05473800160397325 0.05398110661268557
4 0.5633037983245244 0.34345479082321184 0.05573323799677276 0.05533063427800269
4 0.6628274376044757 0.34143049932523617 0.05573323799677276 0.05668016194331983
5 0.16222353202632062 0.4284750337381917 0.05772371078237172 0.05533063427800266
5 0.26373764409187095 0.4284750337381917 0.05374276521117366 0.05802968960863701
5 0.36425651976462176 0.4291497975708502 0.05573323799677268 0.05937921727395413
5 0.46378015904457315 0.42780026990553305 0.053742765211173736 0.05668016194331983
5 0.5633037983245244 0.4284750337381917 0.05573323799677276 0.05802968960863701
5 0.6633250558008754 0.4291497975708502 0.05672847438957227 0.05937921727395413
6 0.16321876841912014 0.5141700404858299 0.059714183567970786 0.05668016194331983
6 0.2627424076990714 0.5141700404858299 0.05573323799677268 0.05668016194331983
6 0.3632612833718223 0.5141700404858299 0.053742765211173736 0.05668016194331983
6 0.4622873044553738 0.5148448043184886 0.05672847438957227 0.05533063427800272
6 0.5628061801281246 0.5141700404858299 0.05473800160397317 0.05668016194331983
6 0.6618322012116762 0.5134952766531714 0.053742765211173736 0.052631578947368425
7 0.1627211502227204 0.5991902834008097 0.05274752881837418 0.053981106612685605
7 0.2627424076990714 0.6005398110661269 0.05573323799677268 0.0566801619433199
7 0.3627636651754226 0.6012145748987854 0.05473800160397325 0.05802968960863694
7 0.4627849226517736 0.6005398110661269 0.05573323799677276 0.0566801619433199
7 0.5633037983245244 0.5991902834008097 0.05573323799677276 0.05937921727395413
7 0.6633250558008754 0.5978407557354926 0.05672847438957227 0.05668016194331983
