8 0.4160088121901964 0.9041835357624831 0.04777134685437666 0.053981106612685605
0 0.3906302841738089 0.07692307692307691 0.04677611046157715 0.045883940620782715
1 0.31598755471384543 0.9095816464237516 0.010947600320794636 0.037786774628879985
2 0.30653280898225 0.31309041835357626 0.053742765211173625 0.05937921727395416
2 0.40705168465500086 0.31309041835357626 0.051752292425574636 0.05937921727395416
2 0.5065753239349522 0.3144399460188934 0.053742765211173806 0.0566801619433199
2 0.6070941996077027 0.31309041835357626 0.05573323799677276 0.05668016194331983
2 0.7061202206912541 0.3130904183535762 0.054738001603973165 0.053981106612685494
2 0.8056438599712058 0.31376518218623484 0.05473800160397317 0.05263157894736839
3 0.3060351907858503 0.4001349527665317 0.05672847438957227 0.055330634278002645
3 0.4060564482622013 0.4001349527665317 0.053742765211173736 0.05802968960863711
3 0.5065753239349522 0.3994601889338732 0.053742765211173806 0.053981106612685605
3 0.6060989632149034 0.3987854251012146 0.053742765211173736 0.05533063427800279
3 0.7066178388876543 0.3994601889338732 0.05573323799677268 0.053981106612685605
3 0.8061414781676056 0.39946018893387303 0.05374276521117366 0.05398110661268559
4 0.4070516846550008 0.4851551956815115 0.053742765211173736 0.052631578947368494
4 0.5070729421313519 0.4851551956815115 0.05473800160397317 0.052631578947368494
4 0.6065965814113033 0.48515519568151133 0.05473800160397337 0.05533063427800263
4 0.707115457084054 0.4851551956815115 0.05473800160397317 0.052631578947368494
4 0.8071367145604051 0.48582995951417 0.05374276521117366 0.053981106612685535
5 0.3075280453750495 0.5708502024291497 0.053742765211173736 0.05668016194331983
5 0.4070516846550008 0.5701754385964912 0.053742765211173736 0.05802968960863694
5 0.5070729421313519 0.5701754385964911 0.05274752881837428 0.058029689608636886
5 0.607094199607703 0.5715249662618084 0.051752292425574706 0.052631578947368425
5 0.707115457084054 0.5715249662618084 0.05274752881837415 0.055330634278002645
5 0.8076343327568049 0.5701754385964912 0.052747528818374294 0.05533063427800272
6 0.30653280898225005 0.656545209176788 0.055733237996772725 0.052631578947368494
6 0.4065540664586011 0.6558704453441295 0.05473800160397325 0.05668016194331976
6 0.5065753239349522 0.655195681511471 0.053742765211173806 0.055330634278002645
6 0.607094199607703 0.656545209176788 0.051752292425574706 0.052631578947368494
6 0.7056226024948548 0.6558704453441295 0.05374276521117366 0.053981106612685535
6 0.8071367145604051 0.656545209176788 0.05374276521117366 0.052631578947368494
7 0.6051037268221038 0.7422402159244262 0.05573323799677241 0.056680161943319735
