8 0.4841481866006596 0.9045092838196288 0.0489038572323899 0.055702917771883326
0 0.49050568804087036 0.07559681697612733 0.04792578008774207 0.04774535809018568
1 0.5154466552293892 0.7486737400530504 0.011736925735773554 0.05172413793103445
2 0.2132208175332198 0.21750663129973472 0.054772320100276634 0.055702917771883326
2 0.313473724859619 0.21816976127320956 0.053794242955628846 0.05172413793103445
2 0.4117704778967228 0.21883289124668448 0.0528161658109811 0.05305039787798409
2 0.5125124237954458 0.21816976127320953 0.05477232010027673 0.05437665782493371
2 0.612765331121845 0.21883289124668434 0.053794242955628846 0.055702917771883305
2 0.7120401613035964 0.21684350132625993 0.054772320100276634 0.05702917771883289
3 0.21224274038857188 0.3050397877984086 0.05477232010027667 0.05570291777188321
3 0.3124956477149712 0.3037135278514589 0.053794242955628846 0.055702917771883305
3 0.4117704778967226 0.3037135278514589 0.0547723201002767 0.055702917771883305
3 0.5125124237954457 0.30437665782493367 0.05281616581098106 0.05437665782493365
3 0.6127653311218451 0.3037135278514589 0.05575039724492456 0.055702917771883215
3 0.7125291998759202 0.3037135278514589 0.05575039724492456 0.05305039787798403
4 0.21224274038857197 0.38992042440318303 0.05672847438957224 0.055702917771883305
4 0.31200660914264733 0.3892572944297082 0.05477232010027669 0.05437665782493364
4 0.41225951646904657 0.38992042440318303 0.053794242955628846 0.05570291777188326
4 0.5130014623677697 0.3905835543766578 0.05183808866633321 0.054376657824933616
4 0.612765331121845 0.3905835543766578 0.053794242955628846 0.05172413793103445
4 0.7130182384482441 0.38992042440318303 0.05281616581098092 0.053050397877984
5 0.21175370181624806 0.4754641909814324 0.053794242955628846 0.057029177718832924
5 0.312984686287295 0.47679045092838196 0.05281616581098104 0.0570291777188328
5 0.4127485550413704 0.47679045092838196 0.054772320100276634 0.054376657824933755
5 0.5130014623677697 0.47612732095490723 0.053794242955628915 0.055702917771883305
5 0.6127653311218446 0.47745358090185663 0.053794242955628825 0.05570291777188297
5 0.7125291998759202 0.47612732095490723 0.05379424295562871 0.055702917771883305
6 0.2127317789608959 0.5616710875331564 0.053794242955628846 0.057029177718832855
6 0.3124956477149712 0.5610079575596817 0.053794242955628846 0.055702917771883305
6 0.4127485550413704 0.5610079575596817 0.054772320100276634 0.055702917771883305
6 0.5125124237954457 0.5616710875331564 0.052816165810980975 0.05437665782493364
6 0.6127653311218447 0.5629973474801062 0.053794242955628645 0.054376657824933755
6 0.7125291998759202 0.5623342175066314 0.05379424295562871 0.053050397877984067
7 0.21175370181624806 0.6472148541114058 0.05575039724492445 0.053050397877984067
7 0.3124956477149712 0.6458885941644561 0.055750397244924414 0.055702917771883305
7 0.5120233852231219 0.6458885941644561 0.055750397244924484 0.055702917771883305
7 0.6117872539771971 0.6472148541114058 0.053794242955628846 0.053050397877984067
