8 0.47827972373277283 0.9031830238726789 0.048903857232389936 0.053050397877983595
0 0.6778074612409233 0.07559681697612733 0.046947702943094353 0.045092838196286476
1 0.39709932072700566 0.789787798408488 0.011736925735773554 0.04376657824933702
2 0.18730177320005317 0.21816976127320956 0.05575039724492445 0.05702917771883289
2 0.2885327576711002 0.21883289124668437 0.05477232010027659 0.053050397877984067
2 0.3882966264251755 0.21883289124668437 0.05281616581098106 0.053050397877984067
2 0.48806049517925104 0.21949602122015915 0.05672847438957247 0.051724137931034454
2 0.5873353253610022 0.21949602122015918 0.053794242955628846 0.05437665782493365
2 0.6875882326874014 0.21816976127320953 0.05281616581098112 0.0543766578249337
3 0.18730177320005317 0.30437665782493367 0.05379424295562881 0.057029177718832855
3 0.28755468052645233 0.30503978779840846 0.05477232010027659 0.058355437665782474
3 0.38731854928052767 0.3050397877984085 0.0547723201002767 0.0557029177718832
3 0.4865933794622791 0.30570291777188324 0.055750397244924484 0.05437665782493365
3 0.5873353253610022 0.3050397877984085 0.05379424295562885 0.05570291777188321
3 0.6870991941150776 0.3037135278514589 0.055750397244924275 0.055702917771883305
4 0.18681273462772924 0.38992042440318303 0.054772320100276634 0.053050397877984
4 0.2880437190987763 0.38992042440318303 0.05379424295562878 0.053050397877984
4 0.3878075878528516 0.38992042440318303 0.055750397244924484 0.053050397877984
4 0.4865933794622791 0.3905835543766578 0.055750397244924484 0.05172413793103445
4 0.587824363933326 0.3892572944297082 0.054772320100276634 0.054376657824933686
4 0.6875882326874014 0.38992042440318303 0.054772320100276634 0.055702917771883305
5 0.18779081177237708 0.47679045092838196 0.052816165810981024 0.054376657824933755
5 0.2870656419541285 0.47745358090185674 0.053794242955628846 0.058355437665782404
5 0.3878075878528516 0.4761273209549071 0.055750397244924484 0.058355437665782474
5 0.4861043408899552 0.47679045092838196 0.05672847438957227 0.057029177718832855
5 0.5873353253610022 0.4761273209549071 0.053794242955628846 0.058355437665782474
5 0.6866101555427536 0.47679045092838196 0.05477232010027649 0.059681697612732024
6 0.18681273462772924 0.5616710875331564 0.054772320100276634 0.054376657824933755
6 0.28755468052645233 0.5616710875331564 0.05477232010027659 0.054376657824933755
6 0.38731854928052767 0.5616710875331564 0.0547723201002767 0.054376657824933755
6 0.4865933794622791 0.5610079575596817 0.055750397244924484 0.055702917771883305
6 0.5868462867886781 0.5603448275862069 0.05477232010027664 0.0543766578249339
6 0.6875882326874014 0.5629973474801059 0.05477232010027653 0.054376657824933596
7 0.18779081177237708 0.6485411140583554 0.054772320100276634 0.053050397877984136
7 0.2865766033818046 0.6485411140583556 0.05477232010027667 0.058355437665782474
7 0.4865933794622791 0.6478779840848807 0.055750397244924484 0.054376657824933686
7 0.587824363933326 0.6485411140583552 0.056728474389572264 0.055702917771883305
