8 0.47779068516044887 0.9031830238726792 0.04792578008774207 0.05835543766578254
1 0.39709932072700566 0.9204244031830239 0.009780771446477914 0.018567639257294388
1 0.5032206909212917 0.7427055702917772 0.01075884859112584 0.04509283819628649
2 0.3076052619917322 0.2679045092838196 0.053794242955628846 0.05570291777188326
2 0.40688009217348364 0.26591511936339524 0.054772320100276634 0.057029177718832924
2 0.506154922355235 0.26591511936339524 0.05575039724492448 0.054376657824933734
2 0.6064078296816342 0.26657824933687 0.0547723201002767 0.055702917771883305
2 0.7066607370080332 0.26591511936339524 0.05575039724492441 0.05702917771883291
2 0.8064246057621088 0.26724137931034486 0.053794242955628846 0.057029177718832924
3 0.30613814627476055 0.3514588859416446 0.054772320100276634 0.055702917771883236
3 0.4063910536011598 0.35212201591511944 0.055750397244924484 0.057029177718832855
3 0.5056658837829111 0.3514588859416446 0.054772320100276634 0.055702917771883236
3 0.6059187911093104 0.3514588859416446 0.053794242955628846 0.055702917771883236
3 0.7061716984357096 0.3507957559681698 0.054772320100276634 0.054376657824933686
3 0.8069136443344326 0.3521220159151193 0.054772320100276634 0.054376657824933686
4 0.3076052619917322 0.43700265251989395 0.053794242955628846 0.054376657824933755
4 0.4059020150288359 0.43832891246684347 0.0547723201002767 0.054376657824933686
4 0.5066439609275589 0.43832891246684347 0.0547723201002767 0.057029177718832924
4 0.6059187911093104 0.4376657824933687 0.053794242955628846 0.055702917771883305
4 0.7061716984357096 0.43700265251989395 0.054772320100276634 0.054376657824933755
4 0.8064246057621088 0.43700265251989395 0.053794242955628846 0.054376657824933755
5 0.3066271848470844 0.5258620689655172 0.05379424295562888 0.054376657824933686
5 0.40688009217348364 0.5245358090185676 0.05281616581098106 0.057029177718832924
5 0.5066439609275589 0.5245358090185677 0.0547723201002767 0.054376657824933616
5 0.6054297525369864 0.5245358090185676 0.05672847438957227 0.057029177718832924
5 0.7061716984357096 0.5238726790450928 0.054772320100276634 0.055702917771883305
5 0.8064246057621095 0.5238726790450928 0.055750397244924324 0.053050397877984115
6 0.30613814627476055 0.6087533156498673 0.054772320100276634 0.05835543766578254
6 0.4063910536011598 0.610079575596817 0.053794242955628846 0.053050397877984
6 0.5061549223552351 0.6087533156498673 0.055750397244924484 0.053050397877984
6 0.6064078296816342 0.610079575596817 0.05672847438957227 0.05835543766578254
6 0.7051936212910619 0.610079575596817 0.054772320100276634 0.053050397877984
6 0.8059355671897849 0.6094164456233422 0.05477232010027649 0.05437665782493355
7 0.3061381462747607 0.6949602122015915 0.05477232010027665 0.05570291777188324
7 0.4054129764565119 0.6936339522546418 0.05575039724492448 0.05570291777188317
7 0.6054297525369864 0.6949602122015915 0.05672847438957227 0.055702917771883305
