8 0.6000503282414232 0.903846153846153 0.05379424295562865 0.05437665782493351
0 0.8651092344409765 0.07559681697612733 0.04596962579844643 0.045092838196286476
2 0.1750758088919557 0.21816976127320956 0.054772320100276634 0.05437665782493372
2 0.274839677646031 0.21816976127320956 0.0567284743895722 0.05702917771883289
2 0.37558162354475416 0.21883289124668437 0.0547723201002767 0.053050397877984067
2 0.47583453087115335 0.21949602122015918 0.053794242955628846 0.05172413793103448
2 0.5760874381975526 0.22015915119363394 0.05672847438957234 0.053050397877984067
2 0.67487322980698 0.21816976127320956 0.05281616581098106 0.05437665782493372
3 0.1745867703196318 0.3037135278514589 0.053794242955628846 0.055702917771883305
3 0.274839677646031 0.30437665782493367 0.05477232010027667 0.057029177718832855
3 0.3736254692554585 0.30437665782493367 0.0567284743895722 0.057029177718832855
3 0.4743674151541816 0.3037135278514589 0.054772320100276634 0.055702917771883305
3 0.5746203224805808 0.3037135278514589 0.055750397244924484 0.055702917771883305
3 0.6743841912346562 0.30437665782493367 0.055750397244924414 0.05437665782493365
4 0.1745867703196318 0.3892572944297082 0.05770655153422005 0.057029177718832924
4 0.2753287162183549 0.3885941644562334 0.055750397244924414 0.055702917771883305
4 0.37558162354475416 0.38992042440318303 0.0547723201002767 0.055702917771883305
4 0.4743674151541816 0.3892572944297082 0.054772320100276634 0.057029177718832924
4 0.5751093610529047 0.3892572944297082 0.0547723201002767 0.054376657824933686
4 0.6753622683793041 0.3905835543766578 0.05379424295562887 0.05437665782493361
5 0.1745867703196318 0.4761273209549071 0.055750397244924435 0.05570291777188324
5 0.2753287162183549 0.4761273209549071 0.053794242955628846 0.058355437665782474
5 0.3750925849724302 0.4754641909814324 0.053794242955628846 0.057029177718832924
5 0.4753454922988294 0.47811671087533164 0.0547723201002767 0.05968169761273215
5 0.5755983996252286 0.47745358090185674 0.05183808866633321 0.055702917771883305
5 0.675362268379304 0.47679045092838196 0.053794242955628846 0.057029177718832855
6 0.17605388603660352 0.5603448275862069 0.05477232010027667 0.054376657824933686
6 0.2753287162183549 0.5623342175066313 0.053794242955628846 0.055702917771883305
6 0.3750925849724302 0.5616710875331564 0.053794242955628846 0.054376657824933755
6 0.4753454922988294 0.5616710875331564 0.05281616581098099 0.054376657824933755
6 0.5746203224805808 0.5623342175066314 0.053794242955628846 0.053050397877984067
6 0.675362268379304 0.5616710875331564 0.055750397244924414 0.057029177718832855
7 0.1745867703196318 0.646551724137931 0.05183808866633325 0.05437665782493361
7 0.274839677646031 0.6485411140583554 0.052816165810981024 0.053050397877984136
7 0.4743674151541816 0.6478779840848807 0.054772320100276634 0.054376657824933686
