8 0.23487578870068504 0.902834008097166 0.047771346854376624 0.05668016194331983
2 0.18212825988231088 0.17004048582995948 0.053742765211173694 0.05398110661268557
2 0.2816518991622622 0.17139001349527663 0.053742765211173736 0.05668016194331983
2 0.3816731566386133 0.17071524966261808 0.05672847438957227 0.052631578947368425
2 0.48219203231136404 0.16936572199730093 0.05473800160397317 0.058029689608637
2 0.5812180533949156 0.17004048582995948 0.053742765211173736 0.05398110661268557
2 0.6817369290676665 0.17139001349527663 0.05374276521117366 0.05668016194331983
3 0.18212825988231088 0.2557354925775978 0.053742765211173694 0.052631578947368425
3 0.28165189916226224 0.25708502024291496 0.05772371078237178 0.058029689608636977
3 0.38117553844221347 0.25708502024291496 0.053742765211173736 0.05533063427800272
3 0.4811967959185645 0.2570850202429148 0.056728474389572216 0.05263157894736808
3 0.5812180533949156 0.25641025641025644 0.05573323799677276 0.05398110661268557
3 0.6822345472640663 0.25708502024291496 0.05473800160397317 0.05533063427800272
4 0.18212825988231088 0.34547908232118757 0.053742765211173694 0.04858299595141702
4 0.28214951735866195 0.3441295546558705 0.05473800160397325 0.05128205128205128
4 0.3816731566386133 0.34547908232118757 0.05274752881837422 0.04858299595141702
4 0.48069917772216475 0.34547908232118757 0.05374276521117366 0.04858299595141702
4 0.5812180533949156 0.344804318488529 0.05573323799677276 0.04993252361673413
4 0.6812393108712667 0.344804318488529 0.05473800160397317 0.04993252361673413
5 0.18113302348951138 0.4251012145748988 0.055733237996772725 0.05128205128205136
5 0.2816518991622622 0.4251012145748988 0.053742765211173736 0.04858299595141702
5 0.38018030204941394 0.4264507422402159 0.05573323799677276 0.05128205128205126
5 0.4821920323113638 0.4251012145748986 0.05274752881837414 0.05128205128205128
5 0.5817156715913154 0.4264507422402159 0.05473800160397325 0.04858299595141702
5 0.6817369290676665 0.42577597840755727 0.05374276521117366 0.052631578947368425
6 0.18013778709671185 0.5134952766531714 0.05573323799677274 0.05802968960863694
6 0.28065666276946266 0.5148448043184886 0.055733237996772725 0.05533063427800272
6 0.3816731566386132 0.5141700404858299 0.05473800160397316 0.05668016194331979
6 0.48219203231136404 0.5134952766531714 0.05473800160397317 0.05533063427800256
6 0.5817156715913152 0.5128205128205129 0.056728474389572264 0.056680161943319866
6 0.6817369290676665 0.5141700404858299 0.05374276521117366 0.05668016194331983
7 0.1831234962751104 0.6005398110661269 0.05573323799677268 0.0566801619433199
7 0.2831447537514615 0.5998650472334682 0.05473800160397325 0.05533063427800279
7 0.382170774835013 0.5991902834008097 0.05573323799677276 0.05668016194331997
7 0.4816944141149643 0.5998650472334682 0.05573323799677268 0.05533063427800279
7 0.5822132897877151 0.5998650472334682 0.053742765211173736 0.05533063427800279
7 0.6817369290676665 0.5985155195681512 0.05374276521117366 0.05533063427800279
