8 0.5027316523489678 0.9031830238726789 0.04890385723238985 0.055702917771883305
1 0.4905056880408703 0.71684350132626 0.008802694301830201 0.04111405835543763
1 0.5780435924868481 0.8687002652519894 0.011736925735773554 0.06100795755968164
2 0.19414831321258774 0.26591511936339524 0.055750397244924414 0.05437665782493365
2 0.2939121819666631 0.26657824933687 0.05575039724492445 0.055702917771883305
2 0.39367605072073836 0.26724137931034486 0.05770655153421998 0.05437665782493372
2 0.49490703519178536 0.26657824933687 0.05477232010027677 0.055702917771883305
2 0.5946709039458606 0.26724137931034486 0.05477232010027669 0.05437665782493371
2 0.6944347726999359 0.26657824933686997 0.054772320100276634 0.05305039787798404
3 0.19365927464026383 0.3521220159151193 0.05281616581098106 0.054376657824933686
3 0.2939121819666631 0.3521220159151193 0.053794242955628846 0.054376657824933686
3 0.39367605072073836 0.3521220159151193 0.055750397244924414 0.054376657824933686
3 0.4934399194748137 0.35278514588859416 0.055750397244924484 0.053050397877984067
3 0.593203788228889 0.35278514588859416 0.055750397244924484 0.055702917771883305
3 0.6929676569829644 0.35278514588859416 0.055750397244924414 0.053050397877984067
4 0.19414831321258774 0.4376657824933687 0.055750397244924414 0.055702917771883305
4 0.2939121819666631 0.43832891246684347 0.05575039724492445 0.054376657824933686
4 0.3946541278653861 0.43832891246684347 0.055750397244924414 0.057029177718832924
4 0.4939289580471376 0.4376657824933687 0.054772320100276634 0.055702917771883305
4 0.5936928268012128 0.43832891246684347 0.054772320100276634 0.054376657824933686
4 0.6934566955552881 0.43832891246684347 0.05477232010027677 0.054376657824933686
5 0.19414831321258766 0.5251989389920425 0.05575039724492439 0.0557029177718835
5 0.2944012205389871 0.5245358090185676 0.05477232010027669 0.054376657824933713
5 0.39416508929306227 0.5251989389920424 0.054772320100276634 0.053050397877984067
5 0.4939289580471376 0.5245358090185677 0.054772320100276634 0.054376657824933616
5 0.5941818653735369 0.5245358090185676 0.05379424295562879 0.05702917771883292
5 0.6934566955552881 0.5245358090185677 0.05477232010027677 0.054376657824933616
6 0.19317023606793995 0.6094164456233422 0.05575039724492445 0.05437665782493355
6 0.294401220538987 0.6094164456233422 0.0528161658109811 0.05437665782493355
6 0.39318701214841445 0.6080901856763926 0.0567284743895722 0.057029177718832855
6 0.4934399194748137 0.6087533156498673 0.055750397244924484 0.05835543766578254
6 0.5941818653735368 0.610079575596817 0.055750397244924484 0.055702917771883236
6 0.6939457341276117 0.6087533156498676 0.05575039724492489 0.05305039787798369
7 0.19414831321258774 0.6942970822281167 0.055750397244924414 0.05702917771883307
7 0.29342314339433917 0.6949602122015915 0.058684628678867805 0.055702917771883305
7 0.49343991947481347 0.6949602122015913 0.05575039724492508 0.0557029177718837
