8 0.6005393668137476 0.9025198938992043 0.0547723201002767 0.054376657824933734
0 0.8152273000639388 0.07692307692307693 0.04792578008774214 0.045092838196286476
1 0.6782964998132474 0.7108753315649868 0.01075884859112577 0.050397877984084974
2 0.1755648474642796 0.21949602122015918 0.05183808866633324 0.05172413793103448
2 0.274839677646031 0.21750663129973474 0.05477232010027667 0.055702917771883305
2 0.37558162354475416 0.21883289124668437 0.0547723201002767 0.053050397877984067
2 0.4753454922988294 0.21883289124668437 0.05281616581098099 0.053050397877984067
2 0.5760874381975526 0.21949602122015918 0.05281616581098106 0.05437665782493365
2 0.675362268379304 0.21949602122015918 0.055750397244924414 0.05172413793103448
3 0.1750758088919557 0.30437665782493367 0.054772320100276634 0.057029177718832855
3 0.2753287162183549 0.3037135278514589 0.055750397244924414 0.058355437665782404
3 0.37509258497242987 0.30437665782493384 0.05379424295562876 0.054376657824933596
3 0.4753454922988294 0.3050397877984085 0.0547723201002767 0.0557029177718832
3 0.5755983996252286 0.30437665782493367 0.053794242955628846 0.057029177718832855
3 0.6743841912346562 0.3050397877984085 0.055750397244924414 0.0530503978779841
4 0.17556484746427958 0.38992042440318303 0.053794242955628846 0.055702917771883305
4 0.2753287162183549 0.38992042440318303 0.053794242955628846 0.055702917771883305
4 0.37509258497243025 0.3905835543766578 0.055750397244924414 0.057029177718832924
4 0.4743674151541816 0.38992042440318303 0.05672847438957227 0.055702917771883305
4 0.5751093610529047 0.38992042440318303 0.05672847438957227 0.053050397877984
4 0.675362268379304 0.3905835543766578 0.053794242955628846 0.054376657824933616
5 0.17605388603660352 0.4781167108753316 0.05477232010027667 0.057029177718832855
5 0.2753287162183549 0.47679045092838196 0.055750397244924414 0.057029177718832855
5 0.3741145078277824 0.47745358090185674 0.055750397244924414 0.055702917771883305
5 0.47485645372650553 0.47745358090185674 0.053794242955628846 0.055702917771883305
5 0.5746203224805808 0.47679045092838196 0.055750397244924484 0.057029177718832855
5 0.675362268379304 0.47679045092838196 0.053794242955628846 0.054376657824933755
6 0.1745867703196318 0.5623342175066313 0.055750397244924435 0.055702917771883305
6 0.2758177547906788 0.5629973474801063 0.05477232010027661 0.057029177718833014
6 0.3750925849724302 0.5623342175066313 0.053794242955628846 0.055702917771883305
6 0.4743674151541816 0.5616710875331564 0.05477232010027662 0.057029177718832785
6 0.5751093610529047 0.5610079575596817 0.05672847438957227 0.055702917771883305
6 0.675362268379304 0.5610079575596817 0.055750397244924414 0.055702917771883305
7 0.1745867703196318 0.6492042440318302 0.053794242955628846 0.054376657824933755
7 0.2753287162183549 0.6478779840848807 0.055750397244924414 0.054376657824933686
7 0.47485645372650553 0.6472148541114058 0.053794242955628846 0.05835543766578254
7 0.5741312839082569 0.6458885941644563 0.054772320100276585 0.055702917771883305
