8 0.23388055230788557 0.9021592442645074 0.04976181963997561 0.05533063427800272
2 0.1637163866155199 0.17004048582995948 0.05473800160397321 0.05398110661268557
2 0.26373764409187095 0.17071524966261808 0.05374276521117366 0.05533063427800272
2 0.3627636651754226 0.17071524966261808 0.05473800160397325 0.05533063427800272
2 0.4622873044553738 0.17139001349527663 0.05274752881837415 0.051282051282051294
2 0.5623085619317248 0.17139001349527663 0.05374276521117366 0.05668016194331983
2 0.6628274376044752 0.17139001349527663 0.05374276521117368 0.05398110661268554
3 0.16222353202632064 0.25708502024291496 0.05374276521117368 0.052631578947368425
3 0.2627424076990714 0.25708502024291496 0.05573323799677268 0.058029689608636977
3 0.36226604697902276 0.25641025641025644 0.05573323799677276 0.05398110661268557
3 0.4627849226517736 0.2584345479082321 0.053742765211173736 0.05533063427800269
3 0.5623085619317245 0.25775978407557354 0.053742765211173646 0.05668016194331976
3 0.6618322012116762 0.25708502024291496 0.053742765211173736 0.05533063427800272
4 0.16222353202632064 0.34075573549257754 0.055733237996772725 0.055330634278002645
4 0.2632400258954712 0.34143049932523617 0.05473800160397321 0.05668016194331983
4 0.36226604697902276 0.3407557354925776 0.05573323799677276 0.058029689608636977
4 0.4627849226517736 0.34278002699055327 0.053742765211173736 0.05398110661268557
4 0.5623085619317248 0.34278002699055327 0.05374276521117366 0.05398110661268557
4 0.6628274376044757 0.34210526315789475 0.05573323799677276 0.05263157894736839
5 0.1637163866155199 0.4278002699055328 0.05473800160397323 0.05668016194331983
5 0.2632400258954712 0.4271255060728743 0.05473800160397323 0.05533063427800269
5 0.3632612833718221 0.42780026990553294 0.053742765211173736 0.05668016194331976
5 0.46328254084817333 0.4284750337381917 0.05274752881837422 0.055330634278002645
5 0.5638014165209241 0.4284750337381917 0.05274752881837415 0.052631578947368425
5 0.6628274376044757 0.4291497975708502 0.053742765211173736 0.053981106612685535
6 0.1627211502227204 0.5128205128205129 0.05473800160397319 0.053981106612685535
6 0.26224478950267177 0.5141700404858299 0.05473800160397333 0.05668016194331983
6 0.3632612833718223 0.5148448043184886 0.053742765211173736 0.05533063427800272
6 0.4622873044553738 0.5148448043184886 0.05274752881837415 0.052631578947368425
6 0.5633037983245244 0.5148448043184886 0.051752292425574636 0.05533063427800272
6 0.6623298194080759 0.5148448043184886 0.05274752881837422 0.05533063427800272
7 0.16172591382992088 0.5998650472334682 0.05473800160397321 0.05533063427800279
7 0.2627424076990714 0.5985155195681512 0.053742765211173694 0.05533063427800279
7 0.36226604697902276 0.6012145748987854 0.05573323799677276 0.05533063427800279
7 0.4622873044553738 0.5998650472334682 0.05672847438957227 0.05533063427800279
7 0.5633037983245244 0.5991902834008097 0.05573323799677276 0.05668016194331997
7 0.6623298194080753 0.6012145748987854 0.05473800160397288 0.0553306342780028
