8 0.6000503282414236 0.9038461538461539 0.055750397244924484 0.05172413793103445
0 0.959493678899489 0.07427055702917772 0.046947702943094215 0.04774535809018568
2 0.1750758088919557 0.21949602122015918 0.054772320100276634 0.05437665782493365
2 0.2753287162183547 0.21684350132625993 0.055750397244924414 0.05702917771883286
2 0.37509258497243025 0.21750663129973474 0.055750397244924414 0.055702917771883305
2 0.4758345308711535 0.21750663129973474 0.05575039724492468 0.06100795755968168
2 0.5760874381975526 0.21883289124668429 0.054772320100276634 0.055702917771883215
2 0.67487322980698 0.21816976127320956 0.0567284743895722 0.05702917771883289
3 0.17605388603660352 0.30437665782493367 0.05477232010027667 0.057029177718832855
3 0.27581775479067877 0.30503978779840846 0.05477232010027653 0.05835543766578248
3 0.3760706621170778 0.3050397877984084 0.055750397244924595 0.055702917771883145
3 0.47485645372650553 0.30437665782493367 0.053794242955628846 0.057029177718832855
3 0.5746203224805808 0.30503978779840846 0.055750397244924484 0.058355437665782474
3 0.675362268379304 0.3037135278514589 0.053794242955628846 0.055702917771883305
4 0.17605388603660352 0.3912466843501326 0.052816165810981024 0.05835543766578254
4 0.27581775479067877 0.3892572944297082 0.05477232010027659 0.054376657824933686
4 0.37509258497243025 0.38992042440318303 0.05770655153422005 0.053050397877984
4 0.4758345308711533 0.3912466843501326 0.055750397244924484 0.053050397877984067
4 0.5746203224805808 0.38992042440318303 0.055750397244924484 0.055702917771883305
4 0.6758513069516278 0.3905835543766578 0.0567284743895722 0.054376657824933616
5 0.1765429246089274 0.4761273209549071 0.05575039724492445 0.058355437665782474
5 0.2767958319353266 0.4761273209549071 0.054772320100276634 0.06100795755968164
5 0.37460354640010635 0.47745358090185674 0.05672847438957227 0.055702917771883305
5 0.4743674151541816 0.4748010610079576 0.05672847438957227 0.05835543766578254
5 0.5760874381975526 0.47679045092838196 0.05672847438957234 0.059681697612732024
5 0.6738951526623321 0.4748010610079575 0.0567284743895722 0.06100795755968171
6 0.1750758088919557 0.5616710875331564 0.054772320100276634 0.057029177718832855
6 0.2753287162183549 0.5603448275862069 0.053794242955628846 0.057029177718832924
6 0.376559700689402 0.5610079575596817 0.054772320100276634 0.0583554376657825
6 0.4753454922988294 0.5623342175066313 0.0547723201002767 0.055702917771883305
6 0.5751093610529047 0.5603448275862069 0.0547723201002767 0.057029177718832924
6 0.67487322980698 0.5629973474801061 0.05281616581098106 0.05437665782493368
7 0.17507580889195556 0.6478779840848807 0.05477232010027662 0.0570291777188324
7 0.2743506390737071 0.6478779840848807 0.05575039724492445 0.054376657824933686
7 0.47485645372650553 0.646551724137931 0.055750397244924484 0.05968169761273209
