8 0.4777906851604489 0.9011936339522546 0.04988193437703771 0.054376657824933686
0 0.05868462867886784 0.07493368700265252 0.04890385723238987 0.04376657824933687
1 0.40981432360742703 0.7990716180371353 0.009780771446477985 0.04376657824933702
2 0.3124956477149712 0.2645888594164456 0.053794242955628846 0.05172413793103448
2 0.41323759361369433 0.2652519893899204 0.053794242955628846 0.0530503978779841
2 0.5120233852231219 0.2645888594164456 0.055750397244924484 0.057029177718832855
2 0.612765331121845 0.26591511936339524 0.053794242955628846 0.05437665782493365
2 0.7125291998759202 0.2645888594164456 0.05379424295562871 0.05437665782493372
2 0.8132711457746433 0.26657824933687 0.055750397244924414 0.055702917771883305
3 0.3124956477149712 0.3514588859416446 0.053794242955628846 0.053050397877984136
3 0.41225951646904646 0.3507957559681698 0.055750397244924484 0.054376657824933755
3 0.5120233852231219 0.3521220159151193 0.055750397244924484 0.054376657824933686
3 0.6122762925495211 0.35344827586206895 0.0547723201002767 0.054376657824933686
3 0.7125291998759202 0.35212201591511944 0.05575039724492456 0.057029177718832855
3 0.8122930686299955 0.3514588859416446 0.055750397244924414 0.055702917771883236
4 0.3124956477149712 0.4403183023872679 0.053794242955628846 0.05039787798408483
4 0.4127485550413704 0.4403183023872679 0.054772320100276634 0.05039787798408483
4 0.5130014623677696 0.43965517241379315 0.055750397244924414 0.04907161803713528
4 0.611787253977197 0.43965517241379315 0.05379424295562876 0.051724137931034454
4 0.7115511227312723 0.44098143236074266 0.053794242955628846 0.04907161803713528
4 0.8122930686299955 0.4403183023872679 0.053794242955628846 0.05039787798408483
5 0.3124956477149712 0.5212201591511936 0.055750397244924414 0.04774535809018566
5 0.4132375936136943 0.5212201591511936 0.05379424295562887 0.04774535809018578
5 0.512023385223122 0.522546419098143 0.05379424295562887 0.04509283819628641
5 0.6137434082664928 0.5225464190981433 0.05183808866633321 0.047745358090185736
5 0.7120401613035964 0.5212201591511936 0.054772320100276634 0.050397877984084974
5 0.8127821072023196 0.5218832891246684 0.054772320100276634 0.04907161803713528
6 0.3115175705703234 0.6094164456233422 0.05575039724492445 0.05437665782493355
6 0.41225951646904657 0.6087533156498673 0.053794242955628846 0.055702917771883236
6 0.5120233852231219 0.6094164456233422 0.053794242955628846 0.05968169761273216
6 0.6112982154048732 0.6087533156498673 0.054772320100276634 0.055702917771883236
6 0.7120401613035964 0.6094164456233422 0.054772320100276634 0.05437665782493355
6 0.8118040300576718 0.6094164456233422 0.054772320100276634 0.057029177718832924
7 0.313473724859619 0.6962864721485411 0.053794242955628846 0.05305039787798421
7 0.41225951646904657 0.6942970822281166 0.053794242955628846 0.05702917771883272
7 0.6112982154048732 0.6949602122015915 0.054772320100276634 0.053050397877984067
