8 0.4777906851604489 0.9051724137931035 0.04988193437703771 0.05437665782493383
1 0.5716860910466375 0.7811671087533156 0.01075884859112577 0.04509283819628649
2 0.28266429480321337 0.26657824933687 0.05477232010027667 0.053050397877984067
2 0.38193912498496474 0.26724137931034486 0.055750397244924484 0.05437665782493372
2 0.48219203231136404 0.2652519893899204 0.052816165810981135 0.05835543766578251
2 0.5824449396377631 0.2665782493368699 0.053794242955628686 0.053050397877984067
2 0.6807416926748666 0.26657824933687 0.05281616581098106 0.05570291777188337
2 0.7819726771459139 0.26657824933687 0.053794242955628846 0.05305039787798404
3 0.2811971790862417 0.35278514588859416 0.053794242955628846 0.055702917771883305
3 0.3809610478403169 0.35278514588859416 0.053794242955628846 0.055702917771883305
3 0.48072491659439215 0.35212201591511927 0.05575039724492447 0.05702917771883284
3 0.5814668624931154 0.3514588859416446 0.053794242955628846 0.055702917771883236
3 0.6817197698195145 0.3521220159151193 0.05281616581098092 0.054376657824933686
3 0.7814836385735898 0.35344827586206895 0.05281616581098106 0.054376657824933686
4 0.28168621765856555 0.4356763925729443 0.05477232010027659 0.057029177718832924
4 0.38096104784031704 0.43700265251989395 0.055750397244924414 0.054376657824933755
4 0.4807249165943923 0.4363395225464191 0.053794242955628846 0.055702917771883305
4 0.5809778239207916 0.4376657824933687 0.05281616581098099 0.055702917771883305
4 0.6812307312471907 0.4376657824933687 0.053794242955628846 0.055702917771883305
4 0.7814836385735898 0.4376657824933687 0.054772320100276634 0.055702917771883305
5 0.2821752562308895 0.5245358090185676 0.05183808866633326 0.051724137931034454
5 0.3824281635572887 0.5251989389920424 0.05281616581098106 0.053050397877984067
5 0.4812139551667163 0.5245358090185677 0.0547723201002767 0.05172413793103452
5 0.5809778239207916 0.5238726790450928 0.0547723201002767 0.053050397877984067
5 0.6812307312471907 0.5245358090185677 0.053794242955628846 0.05172413793103452
5 0.7814836385735898 0.5232095490716181 0.054772320100276634 0.054376657824933755
6 0.2807081405139178 0.610079575596817 0.052816165810981024 0.053050397877984
6 0.38145008641264083 0.6094164456233423 0.05281616581098099 0.05437665782493365
6 0.48170299373904013 0.6094164456233422 0.053794242955628846 0.057029177718832924
6 0.5814668624931154 0.6094164456233422 0.053794242955628846 0.057029177718832924
6 0.6817197698195145 0.6094164456233422 0.05477232010027677 0.057029177718832924
6 0.7814836385735898 0.6080901856763926 0.05281616581098106 0.054376657824933686
7 0.28217525623088946 0.6962864721485411 0.053794242955628846 0.055702917771883305
7 0.38145008641264083 0.6949602122015915 0.05281616581098099 0.053050397877984067
7 0.5809778239207913 0.6949602122015915 0.052816165810980975 0.05305039787798412
