8 0.5990722510967758 0.9045092838196286 0.055750397244924414 0.05039787798408483
0 0.771702867127112 0.07625994694960213 0.046947702943094215 0.046419098143236075
1 0.5839120553547349 0.886604774535809 0.009780771446477985 0.049071618037135355
2 0.1745867703196318 0.22015915119363394 0.05770655153422005 0.055702917771883236
2 0.2758177547906788 0.21883289124668434 0.05281616581098106 0.055702917771883305
2 0.37509258497243025 0.21949602122015918 0.055750397244924414 0.05172413793103448
2 0.47485645372650553 0.21883289124668437 0.053794242955628846 0.053050397877984067
2 0.5755983996252286 0.21949602122015918 0.055750397244924484 0.05437665782493365
2 0.6753622683793039 0.21949602122015918 0.05575039724492441 0.051724137931034496
3 0.1745867703196318 0.3037135278514589 0.053794242955628846 0.05570291777188326
3 0.2753287162183549 0.3050397877984085 0.053794242955628846 0.0557029177718832
3 0.3741145078277824 0.3037135278514589 0.055750397244924414 0.055702917771883305
3 0.4748564537265054 0.3043766578249337 0.05379424295562879 0.05437665782493362
3 0.5751093610529047 0.30437665782493367 0.0547723201002767 0.057029177718832855
3 0.67487322980698 0.30437665782493367 0.054772320100276634 0.05437665782493365
4 0.17605388603660352 0.3892572944297082 0.05477232010027667 0.054376657824933686
4 0.274839677646031 0.38992042440318303 0.05477232010027667 0.055702917771883305
4 0.3741145078277824 0.3892572944297082 0.055750397244924414 0.054376657824933686
4 0.47485645372650553 0.3912466843501326 0.053794242955628846 0.055702917771883236
4 0.5746203224805808 0.3905835543766578 0.055750397244924484 0.054376657824933616
4 0.67487322980698 0.3885941644562334 0.0567284743895722 0.055702917771883305
5 0.1750758088919557 0.4748010610079576 0.054772320100276634 0.05835543766578254
5 0.2738616005013832 0.4754641909814324 0.054772320100276634 0.057029177718832924
5 0.3750925849724302 0.47745358090185674 0.053794242955628846 0.055702917771883305
5 0.47485645372650553 0.47679045092838196 0.053794242955628846 0.054376657824933755
5 0.5755983996252286 0.47745358090185674 0.053794242955628846 0.055702917771883305
5 0.67487322980698 0.47612732095490723 0.054772320100276634 0.058355437665782495
6 0.17556484746427958 0.5623342175066314 0.053794242955628825 0.05570291777188311
6 0.2753287162183549 0.5623342175066313 0.053794242955628846 0.055702917771883305
6 0.375581623544754 0.5616710875331565 0.05477232010027669 0.05437665782493386
6 0.4753454922988294 0.5616710875331564 0.0547723201002767 0.054376657824933755
6 0.5746203224805808 0.5610079575596816 0.053794242955628846 0.05570291777188332
6 0.6758513069516279 0.5603448275862071 0.05477232010027665 0.054376657824933575
7 0.1750758088919557 0.6472148541114058 0.05281616581098106 0.053050397877984067
7 0.274839677646031 0.646551724137931 0.05477232010027667 0.057029177718832924
7 0.47485645372650553 0.6472148541114059 0.055750397244924484 0.055702917771883236
7 0.5755983996252286 0.6472148541114059 0.053794242955628846 0.05570291777188327
