8 0.47827972373277283 0.9031830238726789 0.04890385723238992 0.055702917771883305
1 0.39709932072700566 0.7805039787798408 0.011736925735773554 0.04641909814323611
2 0.3071162234194083 0.26724137931034486 0.05281616581098106 0.05437665782493372
2 0.40688009217348364 0.2652519893899204 0.05281616581098106 0.0530503978779841
2 0.5066439609275589 0.26591511936339524 0.05281616581098106 0.05437665782493365
2 0.6059187911093104 0.2652519893899204 0.053794242955628846 0.05570291777188327
2 0.7056826598633856 0.2652519893899203 0.053794242955628936 0.055702917771883256
2 0.8059355671897849 0.26657824933687 0.05477232010027649 0.0557029177718833
3 0.3076052619917322 0.3521220159151193 0.053794242955628846 0.054376657824933686
3 0.4059020150288359 0.35212201591511944 0.0547723201002767 0.057029177718832855
3 0.5056658837829111 0.35278514588859416 0.054772320100276634 0.053050397877984067
3 0.6059187911093104 0.35278514588859416 0.053794242955628846 0.055702917771883305
3 0.7061716984357096 0.3521220159151193 0.054772320100276634 0.05702917771883283
3 0.8059355671897849 0.3514588859416446 0.05477232010027649 0.053050397877984136
4 0.3066271848470844 0.43766578249336874 0.055750397244924414 0.053050397877984136
4 0.4063910536011598 0.43700265251989395 0.055750397244924484 0.057029177718832855
4 0.5056658837829111 0.43700265251989395 0.054772320100276634 0.057029177718832855
4 0.6059187911093104 0.4376657824933687 0.055750397244924484 0.055702917771883305
4 0.7061716984357096 0.43700265251989395 0.054772320100276634 0.057029177718832855
4 0.8064246057621088 0.43700265251989395 0.053794242955628846 0.054376657824933755
5 0.30613814627476055 0.5245358090185677 0.054772320100276634 0.054376657824933616
5 0.4063910536011598 0.5232095490716181 0.055750397244924484 0.054376657824933755
5 0.5071329994998828 0.5232095490716181 0.053794242955628915 0.057029177718832855
5 0.6064078296816342 0.5225464190981433 0.05281616581098099 0.05305039787798421
5 0.7061716984357096 0.5251989389920424 0.05281616581098106 0.053050397877984067
5 0.8064246057621088 0.5251989389920424 0.05379424295562887 0.05570291777188328
6 0.30564910770243664 0.610079575596817 0.05575039724492445 0.055702917771883236
6 0.4059020150288359 0.6087533156498673 0.0547723201002767 0.055702917771883236
6 0.5056658837829111 0.6087533156498673 0.054772320100276634 0.055702917771883236
6 0.6054297525369864 0.6107427055702918 0.054772320100276634 0.054376657824933686
6 0.7066607370080333 0.6094164456233422 0.053794242955628846 0.057029177718832924
6 0.8059355671897849 0.6087533156498673 0.05477232010027649 0.053050397877984
7 0.3066271848470844 0.6956233421750663 0.055750397244924414 0.057029177718832785
7 0.4059020150288359 0.6936339522546419 0.05672847438957227 0.055702917771883305
7 0.6064078296816342 0.6949602122015915 0.0547723201002767 0.055702917771883305
