8 0.47925780087742065 0.9045092838196288 0.046947702943094353 0.055702917771883305
0 0.10905560162822939 0.07625994694960213 0.04792578008774207 0.04376657824933687
1 0.5086001152168546 0.7473474801061006 0.009780771446477913 0.04907161803713523
2 0.3178750720105341 0.26790450928381965 0.05672847438957224 0.05570291777188334
2 0.4191060564815811 0.26724137931034486 0.053794242955628846 0.057029177718832924
2 0.5188699252356563 0.26657824933687 0.055750397244924345 0.055702917771883305
2 0.6191228325620556 0.26591511936339524 0.054772320100276634 0.057029177718832924
2 0.7188867013161309 0.2679045092838196 0.054772320100276634 0.058355437665782474
2 0.81913960864253 0.26724137931034486 0.053794242955628846 0.05437665782493372
3 0.31836411058285796 0.3514588859416446 0.055750397244924414 0.055702917771883236
3 0.4186170179092572 0.35278514588859416 0.054772320100276634 0.055702917771883305
3 0.5183808866633326 0.3521220159151193 0.054772320100276634 0.054376657824933686
3 0.6186337939897317 0.35278514588859416 0.053794242955628846 0.055702917771883305
3 0.717908624171483 0.35344827586206895 0.054772320100276634 0.054376657824933686
3 0.8181615314978824 0.35212201591511944 0.055750397244924275 0.057029177718832855
4 0.31885314915518187 0.43832891246684347 0.054772320100276634 0.054376657824933686
4 0.419595095053905 0.43832891246684347 0.0567284743895722 0.054376657824933686
4 0.5188699252356563 0.43832891246684347 0.055750397244924345 0.057029177718832924
4 0.6191228325620556 0.4376657824933687 0.054772320100276634 0.055702917771883305
4 0.7193757398884548 0.43832891246684347 0.055750397244924414 0.057029177718832924
4 0.8186505700702063 0.4376657824933687 0.054772320100276634 0.055702917771883305
5 0.31885314915518187 0.5245358090185677 0.05281616581098106 0.05172413793103452
5 0.4186170179092572 0.5238726790450928 0.054772320100276634 0.053050397877984067
5 0.5193589638079803 0.5251989389920425 0.054772320100276634 0.055702917771883236
5 0.6191228325620556 0.5251989389920425 0.05281616581098106 0.055702917771883236
5 0.7198647784607786 0.5238726790450928 0.054772320100276634 0.055702917771883305
5 0.8186505700702063 0.5251989389920424 0.054772320100276634 0.053050397877984067
6 0.31836411058285796 0.6087533156498673 0.053794242955628846 0.055702917771883236
6 0.4191060564815811 0.6094164456233422 0.053794242955628846 0.05437665782493355
6 0.5193589638079805 0.6100795755968171 0.054772320100277175 0.05570291777188343
6 0.6186337939897317 0.610079575596817 0.053794242955628846 0.053050397877984
6 0.7198647784607786 0.610079575596817 0.054772320100276634 0.055702917771883236
6 0.8181615314978822 0.6107427055702918 0.053794242955628846 0.054376657824933686
7 0.31836411058285796 0.6962864721485411 0.053794242955628846 0.05305039787798421
7 0.4186170179092572 0.6962864721485411 0.054772320100276634 0.055702917771883305
7 0.6181447554174079 0.6936339522546419 0.054772320100276634 0.055702917771883305
