8 0.4841481866006596 0.9038461538461539 0.04890385723238992 0.05437665782493355
0 0.5335410824053733 0.07559681697612733 0.049881934377037564 0.04774535809018568
1 0.4024787450225686 0.5928381962864722 0.008802694301830201 0.03448275862068968
1 0.5154466552293892 0.9051724137931035 0.009780771446478057 0.04641909814323611
2 0.20637427752068518 0.21816976127320956 0.05281616581098106 0.05702917771883289
2 0.30613814627476055 0.21750663129973474 0.054772320100276634 0.055702917771883305
2 0.4059020150288359 0.21750663129973474 0.05281616581098099 0.055702917771883305
2 0.5061549223552351 0.21816976127320956 0.055750397244924484 0.05437665782493372
2 0.6054297525369866 0.21883289124668437 0.05477232010027667 0.05305039787798405
2 0.7061716984357096 0.21750663129973474 0.054772320100276634 0.055702917771883305
3 0.20637427752068518 0.3037135278514589 0.05672847438957224 0.05305039787798403
3 0.3066271848470844 0.30437665782493367 0.05183808866633328 0.057029177718832855
3 0.404923937884188 0.3037135278514589 0.054772320100276634 0.055702917771883305
3 0.5066439609275589 0.3023872679045093 0.0547723201002767 0.055702917771883236
3 0.6054297525369864 0.30305039787798405 0.054772320100276634 0.054376657824933686
3 0.7056826598633859 0.3023872679045092 0.053794242955628846 0.05305039787798402
4 0.2058852389483613 0.3912466843501326 0.053794242955628846 0.05039787798408483
4 0.3066271848470844 0.3912466843501326 0.05379424295562888 0.05039787798408483
4 0.4063910536011596 0.39257294429708234 0.05575039724492447 0.05039787798408479
4 0.5061549223552351 0.3925729442970822 0.053794242955628846 0.0503978779840849
4 0.6059187911093104 0.3912466843501326 0.055750397244924484 0.05039787798408483
4 0.7066607370080333 0.39190981432360744 0.053794242955628846 0.04641909814323611
5 0.20637427752068518 0.4741379310344827 0.05281616581098106 0.04907161803713528
5 0.3071162234194083 0.473474801061008 0.05281616581098106 0.047745358090185736
5 0.4063910536011598 0.47281167108753325 0.053794242955628846 0.04907161803713528
5 0.506643960927559 0.4741379310344827 0.056728474389572216 0.046419098143236005
5 0.6054297525369864 0.47281167108753325 0.05281616581098106 0.04907161803713528
5 0.7061716984357095 0.4741379310344829 0.05281616581098107 0.04907161803713528
6 0.20735235466533297 0.5616710875331566 0.05281616581098101 0.05437665782493365
6 0.3071162234194083 0.5610079575596817 0.05477232010027667 0.055702917771883305
6 0.4059020150288359 0.5616710875331564 0.0547723201002767 0.054376657824933755
6 0.5061549223552351 0.5616710875331564 0.053794242955628846 0.057029177718832855
6 0.6059187911093104 0.5616710875331562 0.05575039724492458 0.054376657824933755
6 0.7056826598633856 0.5610079575596817 0.055750397244924414 0.055702917771883305
7 0.20686331609300906 0.6478779840848806 0.05379424295562884 0.051724137931034496
7 0.3066271848470844 0.6478779840848807 0.055750397244924414 0.054376657824933686
7 0.5071329994998828 0.646551724137931 0.053794242955628915 0.054376657824933616
7 0.6064078296816342 0.646551724137931 0.05281616581098099 0.054376657824933616
