8 0.47827972373277283 0.903183023872679 0.04890385723238992 0.05305039787798393
1 0.35944335065806543 0.9151193633952255 0.00880269430183013 0.029177718832891202
1 0.2719054462120876 0.7274535809018567 0.009780771446477914 0.04111405835543763
2 0.274839677646031 0.26591511936339524 0.05477232010027667 0.057029177718832924
2 0.3750925849724302 0.26657824933687 0.053794242955628846 0.055702917771883305
2 0.47485645372650553 0.26724137931034486 0.053794242955628846 0.05437665782493372
2 0.5741312839082569 0.26657824933687 0.054772320100276634 0.053050397877984067
2 0.6743841912346562 0.26591511936339524 0.053794242955628846 0.05437665782493365
2 0.7756151757057032 0.26657824933687 0.05281616581098106 0.053050397877984067
3 0.2753287162183549 0.35278514588859416 0.05183808866633325 0.053050397877984067
3 0.37509258497243025 0.35212201591511944 0.05183808866633328 0.05172413793103452
3 0.4743674151541816 0.3521220159151193 0.054772320100276634 0.054376657824933686
3 0.5755983996252286 0.35344827586206895 0.05183808866633321 0.054376657824933686
3 0.675362268379304 0.3521220159151193 0.053794242955628846 0.054376657824933686
3 0.7751261371333794 0.3514588859416446 0.053794242955628846 0.053050397877984136
4 0.274839677646031 0.43965517241379315 0.05477232010027667 0.04907161803713533
4 0.3750925849724302 0.4403183023872679 0.053794242955628846 0.047745358090185736
4 0.47387837658185783 0.43899204244031836 0.05575039724492441 0.04774535809018562
4 0.5755983996252286 0.43899204244031836 0.053794242955628846 0.04774535809018566
4 0.67487322980698 0.43965517241379315 0.054772320100276634 0.04907161803713528
4 0.7751261371333793 0.44098143236074266 0.05183808866633313 0.04907161803713528
5 0.2758177547906788 0.5218832891246684 0.05281616581098106 0.04907161803713528
5 0.37558162354475416 0.5218832891246684 0.05281616581098099 0.04907161803713528
5 0.47485645372650553 0.5218832891246684 0.055750397244924484 0.04907161803713528
5 0.5755983996252287 0.5218832891246682 0.05183808866633321 0.046419098143235867
5 0.6758513069516273 0.5218832891246682 0.05086001152168536 0.04641909814323589
5 0.7741480599887314 0.5212201591511936 0.053794242955628846 0.04774535809018566
6 0.2738616005013832 0.610079575596817 0.054772320100276634 0.053050397877984
6 0.3736254692554583 0.6094164456233423 0.05477232010027669 0.054376657824933755
6 0.4753454922988294 0.6094164456233422 0.05281616581098099 0.05437665782493355
6 0.5741312839082569 0.6087533156498673 0.054772320100276634 0.053050397877984
6 0.67487322980698 0.6087533156498673 0.05281616581098106 0.055702917771883236
6 0.7746370985610553 0.610079575596817 0.05477232010027677 0.055702917771883236
7 0.27581775479067877 0.6936339522546419 0.05477232010027659 0.055702917771883305
7 0.37460354640010635 0.6949602122015915 0.05477232010027656 0.055702917771883305
7 0.5751093610529047 0.6942970822281167 0.05672847438957227 0.05437665782493355
