8 0.6010284053860714 0.9045092838196286 0.053794242955628846 0.053050397877984067
0 0.9096117445224514 0.07758620689655173 0.046947702943094215 0.04376657824933687
2 0.1750758088919557 0.21883289124668434 0.054772320100276634 0.055702917771883305
2 0.274839677646031 0.21750663129973474 0.0567284743895722 0.055702917771883305
2 0.3750925849724302 0.21816976127320956 0.053794242955628846 0.05702917771883289
2 0.47485645372650553 0.21816976127320956 0.053794242955628846 0.05702917771883289
2 0.5746203224805815 0.220159151193634 0.05770655153422007 0.05570291777188332
2 0.6758513069516278 0.21949602122015918 0.054772320100276634 0.05437665782493365
3 0.1745867703196318 0.3037135278514589 0.053794242955628846 0.055702917771883305
3 0.2753287162183549 0.30437665782493356 0.053794242955628846 0.05702917771883281
3 0.37460354640010635 0.3037135278514589 0.05477232010027656 0.055702917771883305
3 0.47485645372650553 0.30570291777188324 0.053794242955628846 0.05437665782493365
3 0.5746203224805808 0.30437665782493367 0.053794242955628846 0.057029177718832855
3 0.6743841912346562 0.3057029177718833 0.053794242955628846 0.05702917771883282
4 0.17605388603660344 0.3892572944297082 0.054772320100276634 0.05702917771883292
4 0.27581775479067877 0.3905835543766578 0.05477232010027659 0.054376657824933616
4 0.37509258497243025 0.38992042440318303 0.055750397244924414 0.05835543766578254
4 0.4743674151541816 0.3885941644562334 0.05672847438957227 0.058355437665782474
4 0.5765764767698766 0.3905835543766578 0.055750397244924484 0.054376657824933616
4 0.675362268379304 0.38992042440318303 0.055750397244924414 0.055702917771883305
5 0.17605388603660352 0.47745358090185674 0.05477232010027667 0.06100795755968171
5 0.2743506390737071 0.47745358090185674 0.05575039724492445 0.05835543766578242
5 0.37607066211707796 0.4774535809018567 0.053794242955628825 0.05835543766578241
5 0.47485645372650553 0.47679045092838196 0.055750397244924484 0.054376657824933755
5 0.5751093610529047 0.47745358090185674 0.0547723201002767 0.058355437665782404
5 0.6738951526623321 0.4761273209549071 0.0567284743895722 0.058355437665782474
6 0.1750758088919557 0.5610079575596817 0.05672847438957225 0.058355437665782474
6 0.274839677646031 0.5596816976127321 0.05477232010027667 0.058355437665782474
6 0.37558162354475416 0.5616710875331564 0.0547723201002767 0.054376657824933755
6 0.47485645372650553 0.5616710875331564 0.05770655153422005 0.057029177718832855
6 0.5755983996252286 0.5610079575596817 0.055750397244924484 0.053050397877984136
6 0.6758513069516278 0.5603448275862069 0.054772320100276634 0.057029177718832924
7 0.1750758088919557 0.6478779840848806 0.054772320100276634 0.05172413793103452
7 0.274839677646031 0.646551724137931 0.0567284743895722 0.057029177718832924
7 0.4733893380095339 0.6472148541114059 0.056728474389572216 0.05570291777188324
