8 0.4787687623050967 0.9045092838196286 0.0459696257984465 0.053050397877984067
1 0.4342662522236219 0.7493368700265254 0.011736925735773625 0.053050397877984067
2 0.24354120901730147 0.2652519893899204 0.054772320100276634 0.05835543766578251
2 0.34428315491602446 0.26657824933687 0.05672847438957205 0.05570291777188332
2 0.4430689465254521 0.2652519893899204 0.0567284743895722 0.0530503978779841
2 0.5438108924241754 0.26591511936339524 0.05477232010027657 0.057029177718832896
2 0.6445528383228983 0.2652519893899204 0.052816165810981204 0.05570291777188327
2 0.7448057456492976 0.26591511936339524 0.053794242955628846 0.05968169761273213
3 0.2430521704449776 0.35212201591511944 0.055750397244924414 0.057029177718832855
3 0.3433050777713768 0.35212201591511944 0.05477232010027667 0.057029177718832855
3 0.443557985097776 0.3514588859416446 0.053794242955628846 0.058355437665782474
3 0.5433218538518514 0.3507957559681698 0.05379424295562871 0.057029177718832855
3 0.6435747611782506 0.35278514588859416 0.05281616581098099 0.055702917771883305
3 0.7438276685046503 0.3507957559681696 0.055750397244924796 0.0543766578249337
4 0.24354120901730147 0.4376657824933687 0.054772320100276634 0.055702917771883305
4 0.3437941163437007 0.43832891246684347 0.053794242955628846 0.057029177718832924
4 0.4440470236700999 0.43832891246684347 0.054772320100276634 0.054376657824933686
4 0.5433218538518514 0.43832891246684347 0.05379424295562871 0.054376657824933686
4 0.6440637997505745 0.43832891246684347 0.055750397244924345 0.054376657824933686
4 0.7438276685046498 0.4376657824933687 0.053794242955628846 0.055702917771883305
5 0.24451928616194926 0.5245358090185677 0.052816165810981024 0.054376657824933616
5 0.3433050777713768 0.5225464190981434 0.05477232010027673 0.05305039787798415
5 0.4440470236700999 0.5232095490716181 0.054772320100276634 0.057029177718832855
5 0.5442999309964991 0.5245358090185676 0.053794242955628846 0.057029177718832924
5 0.6435747611782506 0.5245358090185677 0.0547723201002767 0.054376657824933616
5 0.7433386299323259 0.5238726790450928 0.05477232010027677 0.053050397877984067
6 0.24403024758962538 0.610079575596817 0.05379424295562881 0.053050397877984
6 0.3437941163437007 0.610079575596817 0.053794242955628846 0.055702917771883236
6 0.4440470236700999 0.6087533156498673 0.054772320100276634 0.05835543766578254
6 0.5438108924241751 0.6087533156498673 0.05281616581098099 0.05835543766578254
6 0.6435747611782506 0.6094164456233422 0.0547723201002767 0.05437665782493355
6 0.7438276685046498 0.6074270557029178 0.053794242955628846 0.055702917771883305
7 0.24403024758962538 0.6956233421750663 0.05575039724492445 0.057029177718832785
7 0.34281603919905296 0.6956233421750663 0.055750397244924484 0.057029177718832785
7 0.5433218538518514 0.6942970822281168 0.05770655153422 0.0543766578249338
