8 0.39660170253060584 0.9021592442645072 0.046776110461577126 0.055330634278002645
1 0.6225203636960954 0.9163292847503374 0.006966654749596585 0.026990553306342802
1 0.5220014880233446 0.747638326585695 0.006966654749596515 0.04318488529014857
0 0.20402346052390016 0.07624831309041837 0.047771346854376624 0.044534412955465584
2 0.3324089551950374 0.3144399460188934 0.051752292425574636 0.05128205128205123
2 0.4324302126713884 0.31443994601889336 0.05274752881837415 0.05128205128205124
2 0.5319538519513398 0.3130904183535762 0.05473800160397325 0.053981106612685535
2 0.6324727276240905 0.31443994601889336 0.05274752881837415 0.05128205128205124
2 0.7319963669040419 0.3130904183535762 0.05274752881837415 0.053981106612685535
2 0.832017624380393 0.3144399460188934 0.051752292425574636 0.0566801619433199
3 0.3319113369986376 0.4008097165991903 0.05274752881837418 0.053981106612685535
3 0.4314349762785889 0.4001349527665317 0.05274752881837422 0.055330634278002645
3 0.5319538519513398 0.4001349527665317 0.05274752881837422 0.055330634278002645
3 0.631477491231291 0.3994601889338732 0.05473800160397303 0.053981106612685605
3 0.7314987487076421 0.3994601889338732 0.05374276521117366 0.053981106612685605
3 0.8310223879875934 0.3987854251012146 0.05374276521117366 0.05533063427800279
4 0.3319113369986376 0.4851551956815115 0.05473800160397321 0.052631578947368494
4 0.4314349762785889 0.4851551956815115 0.0567284743895722 0.055330634278002645
4 0.5319538519513398 0.4831309041835358 0.05473800160397325 0.0566801619433199
4 0.631477491231291 0.4844804318488529 0.05473800160397303 0.053981106612685605
4 0.7319963669040419 0.48582995951417 0.05473800160397317 0.053981106612685535
4 0.8325152425767928 0.4865047233468286 0.05274752881837415 0.052631578947368356
5 0.33141371880223786 0.5715249662618084 0.053742765211173694 0.055330634278002645
5 0.4314349762785889 0.5708502024291497 0.05274752881837422 0.05668016194331983
5 0.5324514701477395 0.5721997300944669 0.053742765211173736 0.053981106612685535
5 0.6319751094276908 0.5708502024291497 0.051752292425574636 0.05128205128205124
5 0.7324939851004416 0.5721997300944669 0.051752292425574636 0.053981106612685535
5 0.8310223879875935 0.57085020242915 0.051752292425574754 0.05128205128205124
6 0.33141371880223786 0.6572199730094468 0.053742765211173694 0.0566801619433199
6 0.4314349762785889 0.656545209176788 0.05274752881837422 0.055330634278002645
6 0.5319538519513398 0.656545209176788 0.05274752881837422 0.052631578947368494
6 0.6309798730348912 0.6558704453441295 0.055733237996772614 0.053981106612685535
6 0.7319963669040419 0.656545209176788 0.05274752881837415 0.052631578947368494
6 0.832017624380393 0.6558704453441295 0.05374276521117366 0.053981106612685535
7 0.33141371880223786 0.7422402159244266 0.053742765211173694 0.05398110661268575
7 0.4314349762785889 0.7422402159244266 0.05473800160397325 0.05398110661268575
7 0.6319751094276908 0.7422402159244266 0.05374276521117366 0.05398110661268575
