8 0.47779068516044887 0.9038461538461539 0.04792578008774207 0.05437665782493355
1 0.34672834777764405 0.860079575596817 0.010758848591125698 0.054376657824933686
2 0.25674525047004676 0.26657824933687 0.05575039724492445 0.055702917771883305
2 0.35699815779644595 0.26657824933687 0.05477232010027655 0.053050397877984067
2 0.45627298797819726 0.26657824933687 0.05575039724492448 0.0557029177718833
2 0.5575039724492443 0.26591511936339524 0.054772320100276634 0.05437665782493365
2 0.6562897640586719 0.26724137931034486 0.05477232010027656 0.05437665782493372
2 0.7565426713850713 0.26657824933687 0.053794242955628846 0.05570291777188327
3 0.25674525047004676 0.35278514588859416 0.05575039724492445 0.055702917771883305
3 0.3560200806517982 0.35212201591511944 0.0567284743895722 0.057029177718832855
3 0.45529491083354956 0.35278514588859416 0.055750397244924484 0.055702917771883305
3 0.5565258953045966 0.3527851458885942 0.054772320100276606 0.053050397877984067
3 0.6567788026309959 0.35278514588859416 0.053794242955628846 0.055702917771883305
3 0.7555645942404233 0.3514588859416446 0.05575039724492456 0.055702917771883236
4 0.25576717332539894 0.43700265251989395 0.05575039724492445 0.057029177718832855
4 0.3560200806517982 0.43766578249336874 0.0547723201002767 0.058355437665782474
4 0.4562729879781973 0.43700265251989395 0.055750397244924484 0.057029177718832855
4 0.5565258953045966 0.43700265251989395 0.056728474389572126 0.057029177718832855
4 0.6562897640586719 0.43832891246684347 0.056728474389572126 0.057029177718832924
4 0.7550755556680994 0.4389920424403183 0.05672847438957234 0.055702917771883305
5 0.25625621189772285 0.5245358090185676 0.054772320100276634 0.057029177718832924
5 0.3560200806517982 0.5245358090185676 0.0567284743895722 0.057029177718832924
5 0.4562729879781973 0.5238726790450928 0.055750397244924484 0.055702917771883305
5 0.5570149338769205 0.5232095490716181 0.055750397244924414 0.057029177718832855
5 0.6562897640586719 0.5232095490716181 0.05477232010027656 0.057029177718832855
5 0.7560536328127472 0.5245358090185677 0.054772320100276634 0.05968169761273216
6 0.25576717332539894 0.6094164456233422 0.05575039724492445 0.057029177718832924
6 0.35699815779644595 0.610079575596817 0.05477232010027656 0.053050397877984
6 0.4567620265505213 0.6087533156498673 0.054772320100276634 0.05835543766578254
6 0.5560368567322728 0.6094164456233422 0.055750397244924345 0.05437665782493355
6 0.6567788026309959 0.6107427055702918 0.055750397244924345 0.054376657824933686
6 0.757031709957395 0.610079575596817 0.054772320100276634 0.055702917771883236
7 0.25674525047004676 0.6936339522546419 0.053794242955628846 0.055702917771883305
7 0.35650911922412204 0.6949602122015915 0.055750397244924414 0.053050397877984067
7 0.555058779587625 0.6949602122015915 0.055750397244924414 0.055702917771883305
