8 0.2343781705042853 0.9014844804318488 0.0487665832471761 0.05668016194331983
2 0.17565922332911404 0.17071524966261808 0.05473800160397323 0.05533063427800272
2 0.2751828626090653 0.17071524966261808 0.05473800160397317 0.05802968960863696
2 0.3747065018890167 0.16936572199730093 0.05473800160397325 0.0553306342780027
2 0.47522537756176747 0.17004048582995954 0.05274752881837415 0.056680161943319846
2 0.5742513986453192 0.17004048582995948 0.05772371078237178 0.05398110661268557
2 0.6757655107108692 0.17139001349527663 0.053742765211173806 0.05668016194331983
3 0.1751616051327143 0.2584345479082321 0.05573323799677276 0.05533063427800269
3 0.2751828626090654 0.2577597840755736 0.05473800160397317 0.05668016194331981
3 0.3752041200854164 0.25775978407557354 0.053742765211173736 0.05668016194331983
3 0.4747277593653677 0.25775978407557354 0.05374276521117366 0.05668016194331983
3 0.5752466350381185 0.25708502024291496 0.05573323799677276 0.05533063427800272
3 0.6747702743180699 0.25775978407557354 0.05573323799677268 0.05668016194331983
4 0.1761568415255138 0.34210526315789475 0.05573323799677274 0.05263157894736839
4 0.2756804808054651 0.3441295546558705 0.055733237996772725 0.053981106612685535
4 0.3747065018890167 0.34210526315789475 0.05473800160397325 0.05533063427800269
4 0.4757229957581673 0.34345479082321184 0.05573323799677276 0.05533063427800269
4 0.5752466350381185 0.34210526315789475 0.05573323799677276 0.05533063427800269
4 0.6752678925144696 0.34278002699055327 0.05473800160397317 0.05398110661268557
5 0.1751616051327143 0.4291497975708502 0.05573323799677276 0.053981106612685535
5 0.2746852444126656 0.4271255060728745 0.05573323799677268 0.05802968960863694
5 0.3752041200854164 0.4291497975708502 0.05573323799677276 0.05937921727395413
5 0.47522537756176747 0.4271255060728745 0.05672847438957227 0.05802968960863694
5 0.5757442532345184 0.4284750337381917 0.05473800160397325 0.05802968960863701
5 0.6752678925144696 0.4291497975708502 0.05473800160397317 0.05937921727395413
6 0.17466398693631455 0.5134952766531714 0.05473800160397321 0.05802968960863694
6 0.2746852444126656 0.5141700404858299 0.05573323799677268 0.05668016194331983
6 0.37570173828181624 0.5141700404858299 0.05473800160397325 0.05668016194331983
6 0.47423014116896794 0.5134952766531714 0.05473800160397317 0.05533063427800272
6 0.5752466350381185 0.5121457489878543 0.05573323799677276 0.05802968960863701
6 0.6747702743180699 0.5134952766531714 0.05573323799677268 0.05802968960863694
7 0.1751616051327143 0.5991902834008098 0.057723710782371776 0.053981106612685764
7 0.27418762621626586 0.5991902834008097 0.05473800160397321 0.053981106612685605
7 0.3752041200854164 0.5991902834008097 0.05573323799677276 0.05937921727395413
7 0.47472775936536776 0.5998650472334682 0.05772371078237178 0.05533063427800279
7 0.5752466350381185 0.5991902834008097 0.05573323799677276 0.05937921727395413
7 0.6747702743180699 0.5998650472334682 0.057723710782371714 0.05533063427800279
