8 0.4787687623050968 0.9038461538461539 0.04792578008774207 0.05437665782493355
1 0.5531026252983293 0.8096816976127321 0.008802694301830201 0.04376657824933687
2 0.26261371333793354 0.26657824933687 0.053794242955628846 0.055702917771883305
2 0.36335565923665664 0.26657824933687 0.053794242955628846 0.053050397877984067
2 0.46311952799073197 0.26657824933687 0.05183808866633321 0.055702917771883305
2 0.5623943581724834 0.2652519893899204 0.05281616581098106 0.05570291777188327
2 0.6621582269265588 0.26591511936339524 0.05281616581098099 0.057029177718832924
2 0.7629001728252818 0.2645888594164456 0.05281616581098092 0.05437665782493372
3 0.26261371333793354 0.35278514588859416 0.053794242955628846 0.055702917771883305
3 0.3628666206643328 0.3527851458885941 0.05477232010027655 0.05570291777188327
3 0.46214145084608416 0.35278514588859416 0.055750397244924414 0.053050397877984067
3 0.5623943581724834 0.3514588859416446 0.054772320100276634 0.053050397877984136
3 0.6621582269265588 0.3521220159151193 0.054772320100276634 0.054376657824933686
3 0.7624111342529579 0.3514588859416446 0.053794242955628846 0.055702917771883236
4 0.26261371333793354 0.4409814323607427 0.05575039724492445 0.05172413793103445
4 0.36286662066433273 0.4403183023872679 0.05477232010027655 0.05305039787798409
4 0.46311952799073197 0.4396551724137931 0.055750397244924484 0.05172413793103445
4 0.5623943581724834 0.4403183023872679 0.05281616581098106 0.047745358090185736
4 0.6621582269265587 0.43965517241379315 0.054772320100276634 0.04907161803713533
4 0.7619220956806338 0.4403183023872679 0.054772320100276634 0.05039787798408483
5 0.26212467476560963 0.5218832891246684 0.054772320100276634 0.04641909814323611
5 0.36237758209200877 0.5218832891246685 0.055750397244924414 0.049071618037135334
5 0.46214145084608416 0.5225464190981433 0.053794242955628846 0.047745358090185736
5 0.5628833967448073 0.5218832891246684 0.053794242955628846 0.04907161803713528
5 0.6626472654988826 0.5212201591511936 0.05379424295562878 0.050397877984084974
5 0.7614330571083101 0.5212201591511936 0.053794242955628846 0.050397877984084974
6 0.26212467476560963 0.6100795755968171 0.05477232010027665 0.05305039787798428
6 0.361888543519685 0.6094164456233422 0.05281616581098099 0.05172413793103445
6 0.46263048941840806 0.6094164456233422 0.05281616581098106 0.05172413793103445
6 0.5628833967448073 0.610079575596817 0.053794242955628846 0.053050397877984
6 0.6621582269265588 0.610079575596817 0.054772320100276634 0.055702917771883236
6 0.7624111342529579 0.6087533156498673 0.053794242955628846 0.055702917771883236
7 0.26310275191025745 0.6949602122015915 0.05477232010027667 0.055702917771883305
7 0.36237758209200893 0.6949602122015915 0.053794242955628846 0.053050397877984067
7 0.5623943581724834 0.6949602122015915 0.05281616581098106 0.053050397877984067
