2 0.16321876841912014 0.17139001349527663 0.055733237996772704 0.05668016194331983
2 0.2622447895026717 0.17004048582995948 0.05473800160397317 0.05398110661268557
2 0.36226604697902276 0.17004048582995954 0.05573323799677276 0.0539811066126856
2 0.46328254084817333 0.1707152496626181 0.05274752881837422 0.05263157894736842
2 0.5638014165209242 0.16936572199730093 0.05473800160397325 0.0553306342780027
2 0.6638226739972752 0.17071524966261808 0.05374276521117366 0.05802968960863696
3 0.1627211502227204 0.25708502024291496 0.05274752881837418 0.058029689608636977
3 0.2622447895026717 0.25641025641025644 0.05473800160397317 0.05398110661268557
3 0.36276366517542263 0.2557354925775978 0.05473800160397326 0.055330634278002735
3 0.4627849226517736 0.25708502024291496 0.053742765211173736 0.052631578947368425
3 0.5633037983245244 0.25708502024291496 0.05374276521117366 0.058029689608636977
3 0.6633250558008754 0.2570850202429149 0.054738001603973296 0.058029689608636977
4 0.16321876841912014 0.34210526315789475 0.055733237996772704 0.05263157894736839
4 0.2632400258954712 0.34278002699055327 0.05473800160397321 0.05398110661268557
4 0.3627636651754226 0.34345479082321184 0.05473800160397325 0.052631578947368404
4 0.4627849226517736 0.34278002699055327 0.05573323799677276 0.05398110661268557
4 0.5633037983245244 0.34278002699055327 0.051752292425574636 0.05398110661268557
4 0.6628274376044757 0.3434547908232119 0.05573323799677276 0.052631578947368425
5 0.16321876841912014 0.4291497975708502 0.055733237996772704 0.053981106612685535
5 0.26373764409187095 0.42780026990553305 0.05374276521117366 0.05668016194331983
5 0.3632612833718223 0.4284750337381917 0.053742765211173736 0.05802968960863701
5 0.4642777772409728 0.4284750337381917 0.05274752881837422 0.055330634278002645
5 0.5628061801281246 0.4291497975708502 0.05473800160397317 0.05668016194331983
5 0.6638226739972752 0.4291497975708502 0.05573323799677276 0.053981106612685535
6 0.1627211502227204 0.5155195681511471 0.05473800160397319 0.053981106612685535
6 0.26324002589547113 0.5141700404858299 0.05473800160397317 0.0539811066126856
6 0.3627636651754226 0.5134952766531714 0.05274752881837422 0.05533063427800272
6 0.4627849226517736 0.5148448043184886 0.053742765211173736 0.052631578947368425
6 0.562308561931725 0.5134952766531713 0.05374276521117384 0.05263157894736828
6 0.6628274376044757 0.5141700404858299 0.05573323799677276 0.05668016194331983
7 0.16172591382992088 0.5991902834008098 0.05473800160397321 0.05398110661268559
7 0.2627424076990714 0.5998650472334682 0.05573323799677268 0.05802968960863709
7 0.3632612833718223 0.6012145748987854 0.053742765211173736 0.05533063427800279
7 0.4622873044553738 0.5991902834008097 0.05473800160397325 0.053981106612685605
7 0.5628061801281246 0.5985155195681512 0.05672847438957234 0.05533063427800279
7 0.6623298194080759 0.5978407557354926 0.05473800160397325 0.05668016194331983
