8 0.5100586513097503 0.9041835357624826 0.048766583247175824 0.053981106612685605
0 0.43491830365338724 0.07557354925775979 0.045780874068777566 0.045883940620782736
1 0.5035896147565535 0.8056680161943319 0.011942836713594147 0.05128205128205124
2 0.30056139062545295 0.31443994601889336 0.05573323799677276 0.05398110661268557
2 0.40008502990540423 0.31376518218623484 0.05573323799677276 0.05533063427800272
2 0.5011015237745549 0.31309041835357626 0.05473800160397317 0.05668016194331983
2 0.6001275448581063 0.3130904183535762 0.053742765211173736 0.053981106612685535
2 0.7001488023344575 0.3130904183535762 0.05473800160397317 0.05398110661268553
2 0.8001700598108085 0.3130904183535762 0.05374276521117366 0.053981106612685535
3 0.3000637724290532 0.3994601889338732 0.05274752881837422 0.053981106612685605
3 0.40008502990540423 0.398110661268556 0.05573323799677276 0.05128205128205124
3 0.500603905578155 0.3987854251012146 0.05374276521117366 0.05533063427800279
3 0.6001275448581063 0.4001349527665317 0.053742765211173736 0.055330634278002645
3 0.7011440387272568 0.39743589743589747 0.05274752881837415 0.05533063427800272
3 0.8006676780072083 0.3981106612685561 0.05473800160397332 0.0566801619433199
4 0.40008502990540423 0.4892037786774629 0.05573323799677276 0.04993252361673413
4 0.500603905578155 0.48852901484480427 0.05374276521117366 0.04858299595141695
4 0.6006251630545062 0.4865047233468286 0.05274752881837415 0.04723346828609991
4 0.7001488023344575 0.48582995951417 0.05473800160397317 0.04858299595141702
4 0.8001700598108086 0.4878542510121458 0.05573323799677268 0.04723346828609991
5 0.3000637724290532 0.5681511470985156 0.05274752881837422 0.051282051282051315
5 0.3995874117090045 0.5681511470985156 0.05473800160397325 0.051282051282051315
5 0.500603905578155 0.5695006747638327 0.05374276521117366 0.05128205128205117
5 0.6001275448581063 0.5688259109311741 0.05573323799677276 0.04993252361673413
5 0.7006464205308575 0.5688259109311741 0.05374276521117366 0.05263157894736834
5 0.8001700598108085 0.5695006747638327 0.051752292425574636 0.04858299595141702
6 0.3000637724290532 0.656545209176788 0.05473800160397325 0.052631578947368494
6 0.40058264810180405 0.6565452091767883 0.05473800160397325 0.05802968960863701
6 0.500603905578155 0.6572199730094468 0.05374276521117366 0.0566801619433199
6 0.6001275448581063 0.656545209176788 0.05573323799677276 0.055330634278002645
6 0.7006464205308572 0.6558704453441295 0.05573323799677268 0.053981106612685535
6 0.8001700598108086 0.656545209176788 0.05573323799677268 0.055330634278002645
7 0.6001275448581063 0.7408906882591094 0.05573323799677276 0.05668016194331997
