8 0.30354709980385153 0.9041835357624831 0.04976181963997565 0.053981106612685605
0 0.247316243610679 0.07692307692307693 0.04677611046157715 0.043184885290148446
1 0.5220014880233446 0.8893387314439946 0.010947600320794705 0.05128205128205124
2 0.3259399186418406 0.3124156545209177 0.05274752881837418 0.055330634278002645
2 0.4259611761181916 0.3130904183535762 0.05374276521117366 0.053981106612685535
2 0.5259824335945427 0.31376518218623484 0.05274752881837415 0.05533063427800272
2 0.6260036910708938 0.3130904183535762 0.053742765211173736 0.053981106612685535
2 0.725527330350845 0.3130904183535762 0.05374276521117366 0.053981106612685535
2 0.8250509696307964 0.3130904183535762 0.05374276521117352 0.053981106612685535
3 0.3254423004454408 0.3994601889338732 0.05175229242557467 0.053981106612685605
3 0.4249659397253921 0.39946018893387314 0.05374276521117366 0.05668016194331983
3 0.5254848153981428 0.3994601889338732 0.05374276521117366 0.053981106612685605
3 0.625506072874494 0.3987854251012146 0.05274752881837422 0.052631578947368425
3 0.725527330350845 0.3994601889338732 0.05374276521117366 0.051282051282051315
3 0.8255485878271961 0.3981106612685561 0.05274752881837415 0.0566801619433199
4 0.32593991864184046 0.48717948717948717 0.05473800160397325 0.04858299595141709
4 0.42496593972539204 0.48717948717948717 0.05573323799677276 0.04858299595141709
4 0.5249871972017431 0.4871794871794873 0.05473800160397317 0.05128205128205125
4 0.625506072874494 0.48852901484480427 0.05473800160397332 0.04858299595141695
4 0.725527330350845 0.4878542510121457 0.05374276521117366 0.04993252361673413
4 0.8260462060235959 0.48717948717948717 0.05573323799677268 0.05128205128205124
5 0.32494468224904105 0.5695006747638327 0.05672847438957224 0.04858299595141702
5 0.42496593972539193 0.5695006747638326 0.053742765211173646 0.051282051282051475
5 0.5264800517909424 0.568825910931174 0.05374276521117365 0.05263157894736862
5 0.6250084546780942 0.5681511470985156 0.05573323799677283 0.051282051282051315
5 0.7265225667436446 0.5681511470985156 0.051752292425574636 0.04858299595141702
5 0.8260462060235958 0.5688259109311741 0.051752292425574636 0.04993252361673413
6 0.32494468224904094 0.6585695006747639 0.05274752881837422 0.05398110661268568
6 0.4249659397253921 0.6558704453441295 0.05374276521117366 0.053981106612685535
6 0.5254848153981428 0.655195681511471 0.055733237996772746 0.05533063427800269
6 0.625506072874494 0.656545209176788 0.05274752881837422 0.055330634278002645
6 0.7245320939580455 0.6572199730094467 0.05374276521117366 0.053981106612685605
6 0.8250509696307964 0.655195681511471 0.05374276521117352 0.055330634278002645
7 0.3254423004454408 0.7435897435897435 0.055733237996772725 0.05668016194331983
7 0.4259611761181916 0.7422402159244266 0.05573323799677268 0.05668016194331997
7 0.6250084546780942 0.7435897435897435 0.05573323799677283 0.05668016194331983
