8 0.5190157788449461 0.9035087719298247 0.05473800160397317 0.055330634278002576
0 0.578232344216517 0.07557354925775979 0.04777134685437666 0.04318488529014844
2 0.2995661542326534 0.3130904183535762 0.053742765211173736 0.053981106612685535
2 0.40008502990540423 0.31376518218623484 0.053742765211173736 0.05533063427800272
2 0.500603905578155 0.3130904183535762 0.05374276521117366 0.053981106612685535
2 0.5996299266617067 0.31241565452091763 0.05274752881837398 0.055330634278002624
2 0.7006464205308572 0.3124156545209177 0.05374276521117366 0.055330634278002645
2 0.8006676780072081 0.31376518218623484 0.05274752881837415 0.05533063427800272
3 0.2995661542326534 0.3987854251012146 0.053742765211173736 0.052631578947368425
3 0.40058264810180405 0.3994601889338732 0.05473800160397325 0.053981106612685605
3 0.49960866918535535 0.39878542510121456 0.05374276521117365 0.05533063427800271
3 0.6006251630545062 0.4001349527665317 0.05473800160397325 0.052631578947368494
3 0.7001488023344575 0.3994601889338732 0.05473800160397317 0.053981106612685605
3 0.8006676780072081 0.4001349527665317 0.05274752881837415 0.055330634278002645
4 0.4010802662982037 0.48717948717948717 0.053742765211173736 0.04858299595141709
4 0.500603905578155 0.4865047233468286 0.05573323799677276 0.0499325236167342
4 0.6001275448581063 0.48717948717948717 0.053742765211173736 0.04588394062078272
4 0.7006464205308572 0.48717948717948717 0.05573323799677268 0.04858299595141709
4 0.8001700598108085 0.48582995951417 0.05374276521117366 0.0458839406207828
5 0.30105900882185277 0.5695006747638327 0.05274752881837418 0.04858299595141702
5 0.40008502990540423 0.5695006747638327 0.05573323799677276 0.05128205128205117
5 0.5011015237745549 0.5688259109311741 0.05473800160397317 0.052631578947368356
5 0.6006251630545062 0.5688259109311741 0.05274752881837415 0.052631578947368356
5 0.7011440387272568 0.5695006747638327 0.05473800160397317 0.04858299595141702
5 0.8001700598108086 0.5688259109311741 0.05573323799677268 0.04993252361673413
6 0.2995661542326535 0.6558704453441295 0.05772371078237175 0.053981106612685535
6 0.6001275448581064 0.656545209176788 0.05772371078237185 0.055330634278002645
6 0.7006464205308572 0.6572199730094468 0.05374276521117366 0.0566801619433199
6 0.799174823418009 0.6558704453441295 0.055733237996772544 0.053981106612685535
7 0.5996299266617067 0.7415654520917678 0.05473800160397325 0.05533063427800286
