8 0.5281616581098105 0.9038461538461539 0.046947702943094353 0.05437665782493355
0 0.7213318941777505 0.07625994694960213 0.04792578008774202 0.04376657824933687
1 0.5839120553547349 0.7407161803713528 0.009780771446477985 0.049071618037135355
2 0.18094427175984243 0.21816976127320964 0.05477232010027658 0.05702917771883289
2 0.2811971790862417 0.21949602122015915 0.05575039724492434 0.05437665782493362
2 0.37998297069566916 0.21816976127320956 0.055750397244924414 0.05437665782493372
2 0.48072491659439237 0.21816976127320956 0.05379424295562879 0.05702917771883289
2 0.5814668624931154 0.21883289124668437 0.053794242955628846 0.053050397877984067
2 0.6812307312471907 0.21883289124668437 0.055750397244924414 0.053050397877984067
3 0.18045523318751852 0.3043766578249338 0.053794242955628804 0.05172413793103448
3 0.2816862176585656 0.3037135278514589 0.054772320100276634 0.053050397877984025
3 0.3819391249849648 0.30570291777188324 0.053794242955628846 0.05437665782493365
3 0.48170299373904013 0.3037135278514589 0.053794242955628846 0.055702917771883305
3 0.5804887853484676 0.30305039787798405 0.053794242955628846 0.054376657824933686
3 0.6807416926748668 0.3050397877984085 0.05477232010027649 0.0557029177718832
4 0.1819223489044902 0.3932360742705569 0.05477232010027668 0.05172413793103437
4 0.2802191019415939 0.3925729442970822 0.055750397244924484 0.0503978779840849
4 0.38096104784031704 0.39323607427055707 0.055750397244924414 0.05172413793103452
4 0.4802358780220684 0.39323607427055707 0.054772320100276634 0.04641909814323604
4 0.5804887853484676 0.3945623342175063 0.055750397244924726 0.04907161803713517
4 0.6807416926748668 0.39190981432360744 0.05477232010027649 0.05172413793103445
5 0.18094427175984243 0.4734748010610079 0.054772320100276634 0.050397877984084814
5 0.28168621765856555 0.47281167108753325 0.05477232010027659 0.04907161803713528
5 0.38096104784031704 0.473474801061008 0.055750397244924414 0.05039787798408483
5 0.4807249165943923 0.47281167108753325 0.053794242955628846 0.04907161803713528
5 0.5814668624931154 0.47281167108753314 0.053794242955628846 0.05172413793103445
5 0.6812307312471907 0.47281167108753314 0.053794242955628846 0.05172413793103445
6 0.18094427175984248 0.5629973474801061 0.054772320100276654 0.05437665782493361
6 0.28070814051391774 0.5616710875331564 0.05477232010027667 0.05702917771883283
6 0.3809610478403169 0.5616710875331564 0.053794242955628846 0.057029177718832855
6 0.48072491659439237 0.5616710875331564 0.055750397244924484 0.054376657824933755
6 0.5809778239207916 0.5623342175066312 0.0547723201002767 0.05305039787798412
6 0.6812307312471906 0.5610079575596818 0.05575039724492439 0.055702917771883305
7 0.18094427175984248 0.6478779840848807 0.054772320100276634 0.054376657824933734
7 0.2816862176585656 0.6472148541114057 0.056728474389572216 0.05570291777188327
7 0.4807249165943923 0.6458885941644561 0.053794242955628846 0.055702917771883305
7 0.5824449396377632 0.6472148541114059 0.053794242955628846 0.055702917771883236
