8 0.5185181606485463 0.9035087719298247 0.057723710782371714 0.055330634278002576
0 0.6225203636960954 0.07624831309041837 0.04876658324717624 0.044534412955465584
2 0.30105900882185277 0.31376518218623484 0.05274752881837418 0.05533063427800272
2 0.4010802662982037 0.3130904183535762 0.053742765211173736 0.053981106612685535
2 0.500603905578155 0.3124156545209177 0.05374276521117366 0.055330634278002645
2 0.6001275448581063 0.31376518218623484 0.053742765211173736 0.05533063427800272
2 0.7001488023344575 0.31174089068825905 0.05473800160397317 0.0566801619433198
2 0.8006676780072081 0.3124156545209177 0.05274752881837415 0.055330634278002645
3 0.30056139062545295 0.4001349527665317 0.05573323799677276 0.055330634278002645
3 0.40058264810180405 0.3994601889338732 0.05274752881837422 0.053981106612685605
3 0.500603905578155 0.398110661268556 0.05374276521117366 0.053981106612685605
3 0.6006251630545062 0.39878542510121456 0.05473800160397325 0.05802968960863694
3 0.7001488023344575 0.3987854251012146 0.05473800160397317 0.05533063427800279
3 0.7996724416144088 0.39878542510121456 0.0567284743895722 0.05802968960863694
4 0.40008502990540423 0.4865047233468286 0.05573323799677276 0.0499325236167342
4 0.49960866918535557 0.4865047233468286 0.05573323799677276 0.0499325236167342
4 0.6006251630545062 0.48717948717948717 0.05672847438957234 0.05128205128205124
4 0.7001488023344575 0.48582995951417 0.05473800160397317 0.051282051282051315
4 0.8006676780072083 0.48717948717948717 0.05473800160397332 0.05128205128205124
5 0.3000637724290532 0.5688259109311741 0.05672847438957227 0.04993252361673413
5 0.40008502990540423 0.5688259109311741 0.051752292425574636 0.052631578947368356
5 0.49960866918535557 0.567476383265857 0.05573323799677276 0.052631578947368425
5 0.6001275448581063 0.5681511470985156 0.053742765211173736 0.051282051282051315
5 0.7011440387272568 0.5681511470985156 0.05274752881837415 0.051282051282051315
5 0.8001700598108085 0.5688259109311741 0.051752292425574886 0.0499325236167341
6 0.29857091783985396 0.6558704453441295 0.055733237996772725 0.053981106612685535
6 0.6001275448581063 0.656545209176788 0.053742765211173736 0.052631578947368494
6 0.7001488023344575 0.6558704453441295 0.05274752881837415 0.053981106612685535
6 0.7996724416144088 0.6565452091767883 0.05274752881837415 0.05802968960863701
7 0.6006251630545062 0.7422402159244266 0.05473800160397325 0.05398110661268575
