8 0.4787687623050967 0.9038461538461539 0.0459696257984465 0.05172413793103445
1 0.434266252223622 0.903183023872679 0.009780771446477985 0.04509283819628649
1 0.34672834777764405 0.7201591511936339 0.006846540012534561 0.03713527851458892
2 0.25087678760216 0.2645888594164456 0.053794242955628846 0.05437665782493372
2 0.3491735406392636 0.26591511936339524 0.054772320100276634 0.05437665782493365
2 0.4494264479656628 0.26591511936339524 0.053794242955628846 0.05437665782493365
2 0.5501683938643859 0.2645888594164456 0.053794242955628846 0.05437665782493372
2 0.6499322626184614 0.26591511936339524 0.053794242955628846 0.05437665782493365
2 0.7506742085171842 0.26657824933687 0.053794242955628846 0.055702917771883305
3 0.25038774902983607 0.3507957559681698 0.05672847438957227 0.057029177718832855
3 0.3501516177839114 0.3514588859416446 0.054772320100276634 0.058355437665782474
3 0.4494264479656629 0.3514588859416445 0.053794242955628846 0.05570291777188321
3 0.5501683938643859 0.3514588859416446 0.053794242955628846 0.058355437665782474
3 0.6504213011907851 0.3514588859416446 0.054772320100276634 0.055702917771883236
3 0.7501851699448605 0.3507957559681698 0.054772320100276634 0.057029177718832855
4 0.24989871045751216 0.44164456233421745 0.05575039724492445 0.0503978779840849
4 0.35064065635623526 0.4403183023872679 0.055750397244924414 0.05039787798408483
4 0.44942644796566283 0.4396551724137931 0.05770655153422005 0.05172413793103445
4 0.5501683938643859 0.43965517241379315 0.055750397244924345 0.04907161803713528
4 0.6504213011907851 0.4396551724137931 0.0567284743895722 0.05172413793103445
4 0.7501851699448605 0.43899204244031836 0.054772320100276634 0.0503978779840849
5 0.24989871045751216 0.5212201591511936 0.05379424295562881 0.04774535809018566
5 0.3501516177839114 0.5218832891246684 0.05281616581098106 0.04907161803713528
5 0.45040452511031065 0.5218832891246684 0.051838088666333174 0.05172413793103451
5 0.5511464710090337 0.5225464190981433 0.053794242955628846 0.047745358090185736
5 0.6499322626184614 0.5218832891246684 0.053794242955628846 0.05172413793103452
5 0.7506742085171842 0.5218832891246684 0.053794242955628846 0.04641909814323611
6 0.24989871045751216 0.6080901856763926 0.05575039724492445 0.057029177718832855
6 0.35064065635623526 0.610079575596817 0.053794242955628846 0.05835543766578254
6 0.4499154865379867 0.6087533156498673 0.054772320100276634 0.055702917771883236
6 0.5491903167197382 0.6114058355437666 0.055750397244924414 0.053050397877984136
6 0.6499322626184614 0.6087533156498673 0.055750397244924414 0.05835543766578254
6 0.7501851699448605 0.610079575596817 0.05672847438957234 0.055702917771883236
7 0.24989871045751216 0.6942970822281167 0.05379424295562881 0.05702917771883307
7 0.3491735406392636 0.6956233421750663 0.0567284743895722 0.05437665782493383
7 0.5516355095813575 0.6949602122015915 0.054772320100276634 0.055702917771883305
