8 0.45920721941214077 0.903183023872679 0.04596962579844643 0.05305039787798393
0 0.5844010939270587 0.07625994694960213 0.04792578008774207 0.046419098143236075
1 0.40296778359489244 0.7334217506631302 0.009780771446477928 0.04774535809018561
2 0.2005058146527984 0.21816976127320964 0.05281616581098107 0.05437665782493372
2 0.3007587219791976 0.21883289124668437 0.05379424295562888 0.053050397877984067
2 0.4005225907332729 0.21949602122015918 0.053794242955628846 0.05172413793103448
2 0.5007754980596721 0.21949602122015918 0.05281616581098106 0.05172413793103448
2 0.6005393668137475 0.21883289124668437 0.05477232010027695 0.05305039787798409
2 0.7003032355678226 0.21949602122015918 0.054772320100276634 0.05437665782493365
3 0.20001677608047447 0.30437665782493367 0.05379424295562887 0.054376657824933554
3 0.3002696834068736 0.30437665782493384 0.0528161658109811 0.05437665782493365
3 0.39954451358862514 0.3037135278514589 0.053794242955628846 0.055702917771883305
3 0.4997974209150243 0.3043766578249337 0.054772320100276634 0.05437665782493362
3 0.6005393668137475 0.30437665782493367 0.0547723201002767 0.05437665782493365
3 0.6998141969954986 0.3043766578249337 0.053794242955628846 0.0543766578249337
4 0.19952773750815062 0.38992042440318303 0.054772320100276634 0.055702917771883305
4 0.29929160626222595 0.38992042440318303 0.05477232010027667 0.055702917771883305
4 0.39905547501630123 0.38992042440318303 0.054772320100276634 0.053050397877984
4 0.4997974209150244 0.3905835543766578 0.054772320100276675 0.05437665782493361
4 0.6000503282414235 0.38992042440318303 0.05379424295562874 0.053050397877984
4 0.6998141969954987 0.38992042440318303 0.05379424295562885 0.053050397877984
5 0.20001677608047452 0.47745358090185674 0.055750397244924414 0.053050397877984136
5 0.29978064483454964 0.4761273209549075 0.055750397244924435 0.0557029177718834
5 0.39905547501630123 0.47612732095490723 0.054772320100276634 0.055702917771883305
5 0.5002864594873483 0.4754641909814324 0.053794242955628846 0.057029177718832924
5 0.6000503282414232 0.4761273209549071 0.05379424295562958 0.055702917771883305
5 0.6998141969954986 0.476790450928382 0.053794242955628846 0.054376657824933713
6 0.20001677608047447 0.5623342175066312 0.053794242955628846 0.05305039787798378
6 0.29978064483454986 0.5616710875331564 0.053794242955628846 0.054376657824933755
6 0.4000335521609491 0.5616710875331564 0.054772320100276634 0.05437665782493371
6 0.5002864594873483 0.5623342175066312 0.05379424295562887 0.053050397877984067
6 0.6000503282414237 0.5623342175066312 0.053794242955628846 0.05570291777188317
6 0.7003032355678226 0.5616710875331562 0.054772320100276634 0.05437665782493374
7 0.19952773750815062 0.6478779840848804 0.054772320100276634 0.05437665782493365
7 0.2992916062622259 0.6472148541114059 0.05477232010027667 0.0583554376657827
7 0.4993083823427005 0.6492042440318301 0.05575039724492461 0.054376657824933755
7 0.6000503282414236 0.6478779840848807 0.055750397244924484 0.054376657824933686
