8 0.4777906851604489 0.9038461538461539 0.04988193437703771 0.05437665782493355
1 0.5839120553547349 0.920424403183024 0.009780771446477985 0.021220159151193484
1 0.4900166494685464 0.7168435013262601 0.011736925735773554 0.03846153846153854
2 0.29978064483454986 0.26724137931034486 0.05575039724492445 0.057029177718832924
2 0.40003355216094905 0.26657824933687 0.05281616581098106 0.055702917771883305
2 0.5002864594873483 0.26657824933687 0.053794242955628846 0.055702917771883305
2 0.5995612896690996 0.26657824933687 0.054772320100276634 0.05570291777188321
2 0.6998141969954988 0.26724137931034486 0.053794242955628846 0.05437665782493372
2 0.8000671043218981 0.26591511936339524 0.05477232010027649 0.05437665782493365
3 0.29978064483454986 0.3514588859416446 0.053794242955628846 0.053050397877984136
3 0.39954451358862514 0.3514588859416446 0.055750397244924414 0.055702917771883236
3 0.4997974209150244 0.3521220159151193 0.054772320100276634 0.054376657824933686
3 0.6000503282414236 0.35013262599469497 0.053794242955628846 0.055702917771883305
3 0.6998141969954988 0.3521220159151193 0.055750397244924414 0.054376657824933686
3 0.8000671043218981 0.35013262599469497 0.052816165810981204 0.055702917771883305
4 0.30026968340687377 0.43965517241379315 0.054772320100276634 0.04907161803713528
4 0.40003355216094905 0.44098143236074266 0.0567284743895722 0.04907161803713528
4 0.4997974209150244 0.4396551724137931 0.054772320100276634 0.04641909814323611
4 0.6000503282414236 0.4403183023872679 0.053794242955628846 0.05039787798408483
4 0.7003032355678226 0.4389920424403183 0.054772320100276634 0.04509283819628649
4 0.7995780657495744 0.4383289124668435 0.053794242955628846 0.04907161803713528
5 0.2988025676899021 0.5212201591511936 0.05379424295562888 0.04774535809018566
5 0.39954451358862514 0.5212201591511936 0.055750397244924414 0.04774535809018566
5 0.5007754980596723 0.5225464190981433 0.0547723201002767 0.047745358090185736
5 0.6010284053860714 0.5225464190981433 0.053794242955628846 0.05039787798408483
5 0.6998141969954988 0.5218832891246684 0.05183808866633328 0.04641909814323611
5 0.8000671043218981 0.5218832891246684 0.05477232010027649 0.04641909814323611
6 0.29978064483454975 0.6107427055702916 0.053794242955628825 0.054376657824933686
6 0.39954451358862514 0.610079575596817 0.055750397244924414 0.05305039787798404
6 0.49930838234270025 0.6100795755968171 0.05575039724492447 0.05305039787798418
6 0.6000503282414236 0.610079575596817 0.053794242955628846 0.055702917771883236
6 0.7003032355678226 0.6094164456233422 0.054772320100276634 0.057029177718832924
6 0.7990890271772503 0.6094164456233422 0.054772320100276634 0.05172413793103445
7 0.3007587219791976 0.6956233421750662 0.05379424295562888 0.05172413793103445
7 0.39954451358862514 0.6942970822281167 0.053794242955628846 0.05437665782493355
7 0.6005393668137475 0.6936339522546419 0.0547723201002767 0.055702917771883305
