8 0.5200110152377455 0.9035087719298245 0.05473800160397325 0.052631578947368494
0 0.5289681427729412 0.07489878542510121 0.0487665832471761 0.044534412955465584
2 0.3000637724290532 0.3124156545209177 0.05473800160397325 0.055330634278002645
2 0.40008502990540423 0.3144399460188934 0.053742765211173736 0.0566801619433199
2 0.49960866918535557 0.3130904183535762 0.05573323799677276 0.053981106612685535
2 0.6001275448581063 0.31376518218623484 0.053742765211173736 0.05533063427800272
2 0.6996511841380577 0.3130904183535762 0.05374276521117366 0.053981106612685535
2 0.7996724416144088 0.31376518218623484 0.05473800160397303 0.05263157894736839
3 0.30105900882185277 0.3994601889338732 0.05274752881837418 0.053981106612685605
3 0.3990897935126047 0.3994601889338732 0.05374276521117366 0.053981106612685605
3 0.49960866918535557 0.3994601889338732 0.05573323799677276 0.053981106612685605
3 0.6001275448581063 0.3994601889338732 0.053742765211173736 0.053981106612685605
3 0.6996511841380577 0.3987854251012146 0.05374276521117366 0.05533063427800279
3 0.8011652962036081 0.3994601889338732 0.053742765211173806 0.053981106612685605
4 0.40008502990540423 0.4878542510121457 0.05573323799677276 0.04993252361673413
4 0.500603905578155 0.48717948717948717 0.05374276521117366 0.04858299595141709
4 0.5996299266617067 0.48582995951417 0.05672847438957227 0.04858299595141702
4 0.7001488023344575 0.48852901484480427 0.05473800160397317 0.04858299595141695
4 0.8001700598108086 0.48717948717948717 0.05573323799677268 0.05128205128205124
5 0.3000637724290532 0.5681511470985156 0.05274752881837422 0.051282051282051315
5 0.39958741170900447 0.5688259109311741 0.056728474389572264 0.05263157894736834
5 0.4996086691853555 0.5681511470985154 0.05573323799677274 0.05128205128205106
5 0.6011227812509059 0.5688259109311741 0.051752292425574636 0.052631578947368356
5 0.7006464205308572 0.567476383265857 0.05573323799677268 0.0499325236167342
5 0.8011652962036081 0.5688259109311741 0.053742765211173806 0.04993252361673413
6 0.2995661542326535 0.655195681511471 0.05772371078237175 0.055330634278002645
6 0.5991323084653069 0.6558704453441295 0.05573323799677276 0.053981106612685535
6 0.7001488023344575 0.6558704453441295 0.05473800160397317 0.053981106612685535
6 0.8001700598108085 0.6572199730094467 0.05374276521117366 0.053981106612685605
7 0.6006251630545062 0.7435897435897435 0.05473800160397325 0.05668016194331983
