8 0.23487578870068504 0.9041835357624831 0.047771346854376624 0.053981106612685605
2 0.1627211502227204 0.16936572199730093 0.05473800160397319 0.052631578947368425
2 0.2632400258954712 0.17004048582995948 0.05473800160397321 0.05937921727395411
2 0.363758901568222 0.17004048582995948 0.05473800160397317 0.05398110661268557
2 0.4627849226517735 0.17071524966261808 0.053742765211173736 0.05802968960863699
2 0.5633037983245244 0.17071524966261808 0.05573323799677276 0.05533063427800272
2 0.6638226739972752 0.17004048582995948 0.05374276521117366 0.05937921727395411
3 0.1627211502227204 0.25708502024291496 0.05672847438957224 0.058029689608636977
3 0.2627424076990714 0.25708502024291496 0.053742765211173694 0.05533063427800272
3 0.3627636651754226 0.25641025641025644 0.05473800160397325 0.05398110661268557
3 0.4627849226517736 0.25641025641025644 0.053742765211173736 0.05398110661268557
3 0.5623085619317248 0.25641025641025644 0.05374276521117366 0.05398110661268557
3 0.6628274376044757 0.25641025641025644 0.05573323799677276 0.056680161943319866
4 0.1627211502227204 0.34210526315789475 0.05473800160397319 0.05533063427800269
4 0.2632400258954712 0.34278002699055327 0.05473800160397321 0.05398110661268557
4 0.36375890156822194 0.34278002699055327 0.05473800160397317 0.05398110661268557
4 0.4627849226517736 0.34278002699055327 0.053742765211173736 0.05398110661268557
4 0.5628061801281246 0.34143049932523617 0.05473800160397317 0.0539811066126855
4 0.662329819408076 0.34278002699055315 0.05473800160397349 0.05398110661268554
5 0.1627211502227204 0.42780026990553305 0.05274752881837418 0.05668016194331983
5 0.26373764409187095 0.4284750337381917 0.05573323799677276 0.055330634278002645
5 0.3642565197646215 0.42847503373819157 0.05573323799677267 0.05263157894736842
5 0.46328254084817333 0.4291497975708502 0.05274752881837422 0.053981106612685535
5 0.5633037983245244 0.4291497975708502 0.05573323799677276 0.05937921727395413
5 0.6638226739972752 0.4284750337381917 0.05573323799677276 0.05802968960863701
6 0.1627211502227204 0.5134952766531714 0.05473800160397319 0.05533063427800272
6 0.2627424076990714 0.5148448043184886 0.05573323799677268 0.052631578947368425
6 0.3632612833718223 0.5128205128205129 0.053742765211173736 0.053981106612685535
6 0.4627849226517736 0.5148448043184886 0.053742765211173736 0.052631578947368425
6 0.5623085619317248 0.5134952766531714 0.05374276521117366 0.05533063427800272
6 0.6623298194080759 0.5141700404858299 0.05473800160397325 0.05128205128205124
7 0.1627211502227204 0.5991902834008097 0.05274752881837418 0.053981106612685605
7 0.2627424076990714 0.5991902834008097 0.05573323799677268 0.053981106612685605
7 0.3627636651754226 0.5998650472334682 0.05473800160397325 0.05802968960863709
7 0.4622873044553738 0.6005398110661269 0.05672847438957227 0.0566801619433199
7 0.5638014165209242 0.5998650472334682 0.05473800160397325 0.05533063427800279
7 0.6623298194080759 0.5991902834008097 0.05473800160397325 0.053981106612685605
