8 0.49050568804087036 0.903183023872679 0.047925780087742134 0.053050397877983935
0 0.439645676519185 0.0762599469496021 0.04792578008774207 0.04376657824933685
1 0.5218041566695998 0.809681697612732 0.00880269430183022 0.04641909814323611
2 0.2190892804011066 0.21750663129973474 0.05281616581098106 0.055702917771883305
2 0.31836411058285796 0.21750663129973474 0.05379424295562887 0.053050397877984136
2 0.4191060564815811 0.21883289124668437 0.053794242955628846 0.053050397877984067
2 0.5188699252356564 0.21816976127320956 0.05183808866633328 0.05437665782493372
2 0.6186337939897317 0.21883289124668437 0.053794242955628846 0.053050397877984067
2 0.7183976627438071 0.21883289124668437 0.053794242955628846 0.053050397877984067
3 0.2186002418287827 0.30371352785145883 0.053794242955628846 0.050397877984084835
3 0.31885314915518187 0.30437665782493367 0.054772320100276634 0.05437665782493365
3 0.4191060564815811 0.3037135278514589 0.053794242955628846 0.055702917771883305
3 0.5193589638079804 0.30437665782493367 0.052816165810981024 0.05172413793103438
3 0.6181447554174079 0.30437665782493367 0.054772320100276634 0.05437665782493365
3 0.7188867013161309 0.3037135278514589 0.05281616581098106 0.05305039787798403
4 0.2186002418287827 0.3925729442970822 0.053794242955628846 0.04774535809018566
4 0.31836411058285796 0.39190981432360744 0.055750397244924414 0.04907161803713528
4 0.4186170179092572 0.39190981432360744 0.054772320100276634 0.04907161803713528
4 0.5188699252356563 0.3925729442970822 0.05379424295562889 0.04774535809018566
4 0.6176557168450839 0.39190981432360744 0.053794242955628846 0.04907161803713528
4 0.7183976627438069 0.39257294429708234 0.05379424295562884 0.04774535809018572
5 0.21860024182878296 0.473474801061008 0.05379424295562889 0.04774535809018575
5 0.31836411058285796 0.473474801061008 0.053794242955628846 0.047745358090185736
5 0.4186170179092572 0.473474801061008 0.05281616581098106 0.047745358090185736
5 0.5183808866633325 0.4741379310344829 0.052816165810981135 0.0464190981432361
5 0.6186337939897316 0.4734748010610078 0.053794242955629026 0.04509283819628655
5 0.7183976627438071 0.4728116710875331 0.05379424295562887 0.04907161803713527
6 0.2186002418287827 0.5603448275862069 0.053794242955628846 0.054376657824933686
6 0.31787507201053405 0.5616710875331566 0.054772320100276634 0.05437665782493365
6 0.4181279793369333 0.5616710875331565 0.053794242955628846 0.0543766578249338
6 0.5183808866633326 0.5610079575596817 0.054772320100276634 0.053050397877984136
6 0.6186337939897318 0.5610079575596816 0.05379424295562887 0.05305039787798413
6 0.7183976627438069 0.5623342175066312 0.05379424295562874 0.053050397877984115
7 0.2190892804011066 0.6478779840848807 0.05281616581098107 0.05172413793103451
7 0.3193421877275058 0.6472148541114059 0.053794242955628846 0.055702917771883236
7 0.5198480023803042 0.6472148541114058 0.05379424295562874 0.055702917771883215
7 0.6191228325620556 0.6472148541114058 0.05281616581098106 0.053050397877984067
