8 0.5180205424521466 0.9041835357624831 0.05473800160397327 0.053981106612685605
0 0.48468012329336285 0.07557354925775979 0.04976181963997561 0.04318488529014844
1 0.4971205782033568 0.7820512820512819 0.012938073106393657 0.03913630229419688
2 0.2995661542326534 0.31443994601889336 0.053742765211173736 0.05398110661268557
2 0.3995874117090045 0.3130904183535762 0.05473800160397325 0.053981106612685535
2 0.49960866918535557 0.3144399460188934 0.05573323799677276 0.0566801619433199
2 0.6001275448581063 0.31376518218623484 0.053742765211173736 0.05533063427800272
2 0.7001488023344575 0.3130904183535762 0.05274752881837415 0.053981106612685535
2 0.8011652962036081 0.31376518218623484 0.053742765211173806 0.05533063427800272
3 0.2995661542326534 0.3994601889338732 0.05573323799677276 0.053981106612685605
3 0.40008502990540423 0.3981106612685561 0.05573323799677276 0.0566801619433199
3 0.500603905578155 0.3994601889338732 0.05374276521117366 0.053981106612685605
3 0.6001275448581063 0.3981106612685561 0.053742765211173736 0.0566801619433199
3 0.7006464205308572 0.39946018893387314 0.05374276521117366 0.05668016194331983
3 0.7996724416144088 0.3987854251012146 0.05274752881837415 0.05533063427800279
4 0.40008502990540423 0.48717948717948717 0.05573323799677276 0.04588394062078272
4 0.4996086691853555 0.4878542510121458 0.05374276521117366 0.04723346828609991
4 0.6001275448581063 0.48717948717948717 0.053742765211173736 0.04858299595141709
4 0.7001488023344575 0.48852901484480427 0.05274752881837415 0.04858299595141695
4 0.8006676780072083 0.48920377867746284 0.054738001603973296 0.04723346828609969
5 0.3000637724290532 0.5688259109311741 0.05274752881837422 0.04993252361673413
5 0.40008502990540407 0.5688259109311741 0.053742765211173715 0.04993252361673406
5 0.5001062873817552 0.5695006747638327 0.05473800160397325 0.04858299595141702
5 0.6006251630545062 0.5681511470985156 0.05274752881837415 0.051282051282051315
5 0.7016416569236568 0.5695006747638327 0.05374276521117366 0.05128205128205117
5 0.8006676780072081 0.5688259109311741 0.05274752881837415 0.04993252361673413
6 0.30056139062545295 0.6558704453441295 0.05573323799677276 0.053981106612685535
6 0.500603905578155 0.6558704453441296 0.055733237996772746 0.05398110661268567
6 0.6001275448581063 0.6578947368421052 0.053742765211173736 0.05533063427800286
6 0.7001488023344575 0.656545209176788 0.05274752881837415 0.055330634278002645
6 0.8006676780072078 0.6558704453441296 0.05274752881837415 0.05398110661268567
7 0.6001275448581063 0.7422402159244266 0.053742765211173736 0.05398110661268575
