8 0.47827972373277283 0.9025198938992043 0.04890385723238992 0.054376657824933686
0 0.15355811170970413 0.07427055702917772 0.04890385723238984 0.04509283819628647
1 0.6215680254236752 0.7712201591511936 0.010758848591125698 0.04641909814323611
2 0.32472161202306865 0.2652519893899204 0.05672847438957227 0.05835543766578251
2 0.424485480777144 0.26657824933687 0.054772320100276634 0.055702917771883305
2 0.5252274266758671 0.26657824933687 0.054772320100276634 0.05835543766578254
2 0.6249912954299424 0.2645888594164456 0.0547723201002767 0.05437665782493372
2 0.7252442027563416 0.2652519893899204 0.053794242955628846 0.05570291777188327
2 0.8245190329380929 0.26591511936339524 0.05281616581098106 0.057029177718832924
3 0.3256996891677165 0.35278514588859416 0.05477232010027667 0.053050397877984067
3 0.42497451934946784 0.3514588859416445 0.05575039724492441 0.05305039787798396
3 0.5247383881035432 0.3514588859416446 0.055750397244924345 0.05305039787798413
3 0.6259693725745903 0.3514588859416446 0.054772320100276634 0.0530503978779841
3 0.7262222799009893 0.35278514588859416 0.053794242955628846 0.053050397877984067
3 0.8240299943657692 0.3514588859416446 0.055750397244924414 0.055702917771883236
4 0.32472161202306865 0.43965517241379315 0.052816165810981024 0.04907161803713528
4 0.4249745193494679 0.44164456233421745 0.055750397244924414 0.0503978779840849
4 0.5247383881035432 0.4403183023872679 0.053794242955628915 0.05039787798408483
4 0.6254803340022663 0.4403183023872678 0.055750397244924484 0.05039787798408471
4 0.7252442027563416 0.4403183023872679 0.053794242955628846 0.047745358090185736
4 0.825008071510417 0.4383289124668435 0.055750397244924414 0.04907161803713528
5 0.3256996891677165 0.5218832891246684 0.05477232010027667 0.05172413793103452
5 0.4254635579217918 0.519893899204244 0.05281616581098106 0.0503978779840849
5 0.5242493495312194 0.5218832891246684 0.054772320100276634 0.04907161803713528
5 0.6254803340022663 0.5218832891246684 0.053794242955628846 0.04907161803713528
5 0.7257332413286656 0.5218832891246684 0.054772320100276634 0.04907161803713528
5 0.8245190329380929 0.5232095490716181 0.054772320100276634 0.04907161803713528
6 0.32472161202306865 0.6094164456233422 0.054772320100276634 0.057029177718832924
6 0.42448548077714393 0.6094164456233421 0.05672847438957227 0.05702917771883283
6 0.5247383881035432 0.6087533156498673 0.055750397244924345 0.055702917771883236
6 0.6249912954299425 0.6080901856763926 0.05281616581098106 0.054376657824933686
6 0.7247551641840176 0.6087533156498673 0.05672847438957234 0.05835543766578254
6 0.8245190329380929 0.6074270557029178 0.054772320100276634 0.055702917771883305
7 0.3256996891677165 0.6962864721485411 0.05477232010027667 0.055702917771883305
7 0.4254635579217914 0.693633952254642 0.05281616581098105 0.05835543766578258
7 0.6240132182852947 0.6949602122015915 0.0547723201002767 0.055702917771883305
