8 0.47827972373277283 0.9038461538461539 0.046947702943094215 0.05437665782493355
1 0.47730164658812496 0.7161803713527851 0.009780771446477914 0.03978779840848816
1 0.5716860910466375 0.9210875331564986 0.008802694301830272 0.01724137931034477
2 0.2875546805264524 0.26657824933687 0.052816165810981024 0.053050397877984067
2 0.38731854928052767 0.26657824933687 0.05281616581098099 0.053050397877984067
2 0.48806049517925076 0.26657824933687 0.052816165810981135 0.053050397877984067
2 0.58831340250565 0.26657824933687 0.053794242955628846 0.055702917771883305
2 0.6880772712597252 0.26657824933687 0.05183808866633328 0.055702917771883305
2 0.7878411400138006 0.26657824933687 0.051838088666333416 0.055702917771883305
3 0.2870656419541285 0.3514588859416446 0.053794242955628846 0.055702917771883236
3 0.3882966264251755 0.3521220159151193 0.054772320100276634 0.054376657824933686
3 0.48708241803460295 0.3514588859416446 0.0547723201002767 0.055702917771883236
3 0.5873353253610021 0.3514588859416446 0.055750397244924484 0.053050397877984136
3 0.6870991941150774 0.35212201591511944 0.053794242955628846 0.05172413793103452
3 0.7873521014414768 0.3521220159151193 0.05281616581098106 0.054376657824933686
4 0.2880437190987763 0.4409814323607427 0.05379424295562878 0.04641909814323611
4 0.3868295107082038 0.4396551724137931 0.055750397244924414 0.05172413793103445
4 0.48708241803460295 0.43965517241379315 0.0547723201002767 0.04907161803713528
4 0.587824363933326 0.4403183023872679 0.054772320100276634 0.05039787798408483
4 0.6880772712597252 0.4403183023872679 0.053794242955628846 0.05039787798408483
4 0.7873521014414768 0.4403183023872679 0.054772320100276634 0.05039787798408483
5 0.2880437190987763 0.5212201591511936 0.05183808866633328 0.04774535809018566
5 0.3868295107082037 0.5218832891246684 0.053794242955628846 0.04641909814323611
5 0.48708241803460295 0.5218832891246684 0.0547723201002767 0.04907161803713528
5 0.58831340250565 0.5225464190981433 0.053794242955628846 0.047745358090185736
5 0.6875882326874014 0.5212201591511936 0.05281616581098106 0.04774535809018566
5 0.7873521014414768 0.5218832891246684 0.054772320100276634 0.04907161803713528
6 0.2880437190987763 0.6094164456233422 0.05379424295562878 0.05172413793103445
6 0.3868295107082038 0.6094164456233422 0.055750397244924414 0.057029177718832924
6 0.4865933794622791 0.6087533156498673 0.055750397244924484 0.055702917771883236
6 0.587824363933326 0.6094164456233422 0.054772320100276634 0.05437665782493355
6 0.6870991941150776 0.6094164456233422 0.055750397244924275 0.057029177718832924
6 0.7873521014414768 0.6087533156498673 0.054772320100276634 0.053050397877984
7 0.2880437190987763 0.6936339522546419 0.055750397244924414 0.055702917771883305
7 0.3868295107082037 0.6942970822281167 0.053794242955628846 0.05437665782493355
7 0.5868462867886782 0.6936339522546419 0.0547723201002767 0.055702917771883305
