8 0.47827972373277283 0.9051724137931035 0.05086001152168549 0.05437665782493383
1 0.5839120553547349 0.7798408488063661 0.011736925735773554 0.04509283819628649
2 0.29342314339433917 0.26591511936339524 0.05477232010027667 0.057029177718832924
2 0.39367605072073836 0.26591511936339524 0.055750397244924414 0.057029177718832924
2 0.4939289580471376 0.26591511936339524 0.054772320100276634 0.057029177718832896
2 0.5936928268012128 0.26591511936339524 0.05672847438957234 0.057029177718832924
2 0.6934566955552881 0.26657824933687 0.05477232010027677 0.053050397877984067
2 0.7941986414540113 0.26657824933687 0.05281616581098106 0.053050397877984067
3 0.29342314339433917 0.35278514588859416 0.052816165810981024 0.053050397877984067
3 0.39367605072073836 0.3521220159151193 0.053794242955628846 0.054376657824933686
3 0.4939289580471376 0.3514588859416446 0.054772320100276634 0.055702917771883236
3 0.5936928268012129 0.35212201591511927 0.054772320100276634 0.054376657824933596
3 0.6934566955552881 0.35344827586206895 0.05281616581098092 0.054376657824933686
3 0.7937096028816875 0.3521220159151193 0.05379424295562871 0.054376657824933686
4 0.29342314339433917 0.43700265251989395 0.05477232010027667 0.054376657824933755
4 0.39367605072073836 0.43700265251989395 0.055750397244924414 0.057029177718832855
4 0.49295088090248984 0.43700265251989395 0.0547723201002767 0.057029177718832855
4 0.593203788228889 0.43700265251989395 0.053794242955628846 0.054376657824933755
4 0.6939457341276122 0.43832891246684347 0.053794242955628846 0.054376657824933686
4 0.7941986414540113 0.43700265251989395 0.05477232010027649 0.054376657824933755
5 0.29342314339433917 0.5245358090185677 0.05477232010027667 0.05437665782493365
5 0.39416508929306227 0.5238726790450928 0.054772320100276634 0.053050397877984067
5 0.4944179966194615 0.5232095490716181 0.053794242955628915 0.05172413793103452
5 0.593203788228889 0.5232095490716181 0.055750397244924484 0.054376657824933755
5 0.6934566955552881 0.5245358090185677 0.05281616581098092 0.054376657824933616
5 0.7937096028816875 0.5245358090185677 0.05379424295562871 0.054376657824933616
6 0.29342314339433917 0.6094164456233422 0.05477232010027667 0.05437665782493355
6 0.3926979735760906 0.6087533156498673 0.055750397244924414 0.055702917771883236
6 0.4939289580471376 0.6087533156498673 0.054772320100276634 0.055702917771883236
6 0.5932037882288891 0.6094164456233423 0.05379424295562889 0.05702917771883292
6 0.6939457341276118 0.6094164456233422 0.053794242955628846 0.05437665782493351
6 0.7941986414540113 0.610079575596817 0.05477232010027649 0.053050397877984
7 0.2939121819666631 0.6962864721485411 0.05575039724492445 0.05305039787798421
7 0.39367605072073836 0.6936339522546419 0.05575039724492441 0.055702917771883305
7 0.5936928268012128 0.6949602122015915 0.05672847438957234 0.055702917771883305
