8 0.23487578870068504 0.9014844804318488 0.047771346854376624 0.05668016194331983
2 0.16919018677591724 0.17071524966261808 0.05573323799677276 0.052631578947368425
2 0.2692114442522683 0.17206477732793524 0.05473800160397325 0.05533063427800269
2 0.3697303199250191 0.17004048582995954 0.05473800160397317 0.056680161943319846
2 0.46825872281217085 0.16869095816464239 0.05473800160397325 0.056680161943319846
2 0.568279980288522 0.17004048582995948 0.05374276521117366 0.05398110661268557
2 0.6697940923540722 0.17071524966261808 0.05573323799677283 0.05802968960863696
3 0.16869256857951748 0.25641025641025644 0.05473800160397321 0.05128205128205128
3 0.26970906244866805 0.25708502024291496 0.053742765211173694 0.052631578947368425
3 0.36773984713942 0.25506072874493924 0.05672847438957212 0.05398110661268556
3 0.4692539592049704 0.2557354925775978 0.0567284743895722 0.05533063427800272
3 0.5687775984849217 0.2557354925775978 0.0547380016039731 0.05533063427800272
3 0.669296474157672 0.25438596491228066 0.054738001603973296 0.05263157894736836
4 0.16919018677591724 0.344804318488529 0.05573323799677276 0.04993252361673413
4 0.2687138260558685 0.344804318488529 0.05772371078237178 0.05263157894736839
4 0.36923270172861933 0.34345479082321184 0.05374276521117366 0.049932523616734094
4 0.4702491955977699 0.344804318488529 0.05672847438957227 0.04993252361673413
4 0.5697728348777212 0.3434547908232119 0.056728474389572126 0.04723346828609991
4 0.6697940923540723 0.344804318488529 0.05374276521117366 0.04993252361673413
5 0.16819495038311771 0.42510121457489874 0.055733237996772725 0.053981106612685535
5 0.2687138260558685 0.42577597840755727 0.055733237996772725 0.052631578947368425
5 0.36923270172861933 0.4264507422402159 0.05374276521117366 0.04858299595141702
5 0.46975157740137014 0.4278002699055331 0.05374276521117366 0.051282051282051315
5 0.5702704530741209 0.4264507422402159 0.051752292425574636 0.04858299595141702
5 0.6687988559612728 0.4271255060728745 0.05573323799677283 0.04993252361673413
6 0.16819495038311771 0.5155195681511471 0.053742765211173736 0.053981106612685535
6 0.26871382605586847 0.5134952766531713 0.05374276521117368 0.058029689608637094
6 0.36873508353221957 0.5141700404858299 0.05473800160397317 0.05668016194331983
6 0.4692539592049704 0.5128205128205129 0.05473800160397317 0.053981106612685535
6 0.5697728348777213 0.5141700404858299 0.054738001603973185 0.05668016194331983
6 0.6692964741576725 0.5134952766531714 0.05473800160397332 0.05533063427800272
7 0.16919018677591724 0.5991902834008097 0.05573323799677276 0.05668016194331997
7 0.2692114442522683 0.6005398110661269 0.05473800160397325 0.0566801619433199
7 0.36923270172861933 0.6012145748987854 0.05374276521117366 0.05533063427800279
7 0.4687563410085707 0.6005398110661269 0.053742765211173736 0.0566801619433199
7 0.5702704530741209 0.5991902834008097 0.05374276521117366 0.053981106612685605
7 0.6697940923540723 0.5998650472334682 0.05374276521117366 0.05533063427800279
