8 0.23537340689708483 0.902834008097166 0.04677611046157708 0.053981106612685466
2 0.16321876841912014 0.17071524966261808 0.055733237996772704 0.052631578947368425
2 0.2627424076990714 0.16936572199730093 0.05573323799677268 0.0553306342780027
2 0.36226604697902276 0.16869095816464239 0.05573323799677276 0.056680161943319846
2 0.46328254084817333 0.17004048582995948 0.05473800160397325 0.05937921727395411
2 0.5623085619317248 0.17071524966261808 0.05374276521117366 0.05802968960863696
2 0.6623298194080759 0.17071524966261808 0.05672847438957227 0.05533063427800272
3 0.1627211502227204 0.2557354925775978 0.05473800160397319 0.05533063427800272
3 0.2622447895026717 0.25641025641025644 0.05672847438957224 0.05398110661268557
3 0.3632612833718223 0.25641025641025644 0.053742765211173736 0.05398110661268557
3 0.4612920680625743 0.25708502024291496 0.05672847438957227 0.05533063427800272
3 0.5623085619317247 0.2557354925775978 0.055733237996772746 0.05802968960863694
3 0.6633250558008754 0.25775978407557354 0.05473800160397325 0.05668016194331983
4 0.16321876841912014 0.34210526315789475 0.055733237996772704 0.05533063427800269
4 0.2627424076990714 0.34278002699055327 0.05573323799677268 0.05398110661268557
4 0.3632612833718223 0.34210526315789475 0.053742765211173736 0.05263157894736839
4 0.46328254084817333 0.34345479082321184 0.05672847438957227 0.05533063427800269
4 0.5638014165209242 0.34210526315789475 0.05473800160397325 0.05263157894736839
4 0.6628274376044757 0.34278002699055327 0.05573323799677276 0.05398110661268557
5 0.1627211502227204 0.4284750337381917 0.05672847438957224 0.05802968960863701
5 0.2632400258954712 0.42780026990553305 0.05473800160397321 0.05668016194331983
5 0.3637589015682221 0.42914979757085 0.05473800160397325 0.05398110661268553
5 0.46328254084817333 0.4284750337381917 0.05274752881837422 0.055330634278002645
5 0.562308561931725 0.4284750337381917 0.057723710782371714 0.055330634278002645
5 0.6623298194080759 0.4271255060728745 0.058718947175171295 0.05802968960863694
6 0.16222353202632056 0.5141700404858299 0.05374276521117366 0.05398110661268549
6 0.2627424076990714 0.5141700404858299 0.053742765211173694 0.05668016194331983
6 0.36425651976462176 0.5141700404858299 0.05573323799677268 0.05668016194331983
6 0.4617896862589741 0.5141700404858299 0.05772371078237178 0.05668016194331983
6 0.5642990347173239 0.5134952766531714 0.053742765211173736 0.05533063427800272
6 0.6638226739972752 0.5141700404858299 0.05374276521117366 0.05668016194331983
7 0.1627211502227204 0.5998650472334682 0.05473800160397319 0.06072874493927117
7 0.2627424076990714 0.5991902834008097 0.05573323799677268 0.05937921727395413
7 0.3632612833718223 0.6005398110661269 0.053742765211173736 0.06207827260458835
7 0.46378015904457315 0.5985155195681512 0.05573323799677276 0.05802968960863701
7 0.5623085619317248 0.5991902834008097 0.05573323799677276 0.05937921727395413
7 0.6623298194080759 0.5978407557354926 0.05473800160397325 0.05668016194331983
