8 0.4905056880408704 0.9025198938992043 0.047925780087742245 0.05172413793103436
1 0.3345023834695467 0.742705570291777 0.011736925735773555 0.04244031830238702
0 0.346728347777644 0.0755968169761273 0.04988193437703754 0.04244031830238719
2 0.23180428328152794 0.21949602122015918 0.0528161658109811 0.05437665782493365
2 0.7311126656242283 0.21883289124668426 0.053794242955628846 0.050397877984084835
2 0.33107911346327934 0.22015915119363394 0.05379424295562881 0.053050397877984067
2 0.6318378354424754 0.21949602122015882 0.05281616581098054 0.051724137931034246
2 0.43182105936200244 0.21816976127320953 0.05183808866633328 0.0517241379310345
2 0.5315849281160777 0.21883289124668437 0.05183808866633335 0.053050397877984067
3 0.23131524470920425 0.30437665782493356 0.05183808866633333 0.05172413793103436
3 0.3320571906079271 0.30503978779840873 0.051838088666333236 0.05305039787798407
3 0.4313320207896785 0.3037135278514589 0.05281616581098104 0.05305039787798402
3 0.5315849281160777 0.30437665782493367 0.053794242955628846 0.05172413793103448
3 0.7311126656242277 0.30437665782493367 0.05183808866633311 0.051724137931034475
4 0.23180428328152786 0.392572944297082 0.052816165810981 0.04774535809018567
4 0.3315681520356032 0.3925729442970821 0.052816165810980975 0.04774535809018545
4 0.43133202078967847 0.3932360742705571 0.052816165810980864 0.04641909814323613
4 0.5310958895437529 0.3912466843501328 0.0528161658109811 0.047745358090185895
4 0.6313487968701533 0.3919098143236075 0.05183808866633321 0.04641909814323616
5 0.23131524470920406 0.4741379310344829 0.05379424295562889 0.046419098143236255
5 0.3315681520356032 0.4728116710875331 0.050860011521685455 0.04641909814323604
5 0.5315849281160777 0.473474801061008 0.05183808866633335 0.047745358090185736
5 0.43182105936200244 0.47347480106100803 0.04988193437703764 0.04774535809018571
5 0.7311126656242288 0.47413793103448243 0.0518380886663334 0.046419098143236075
4 0.7306236270519035 0.39190981432360744 0.052816165810981 0.046419098143236
5 0.6313487968701531 0.473474801061008 0.05183808866633321 0.047745358090185736
3 0.630370719725505 0.30437665782493367 0.05379424295562872 0.051724137931034406
6 0.2308262061368802 0.5616710875331564 0.05477232010027667 0.05437665782493371
6 0.33107911346327934 0.5616710875331565 0.05379424295562881 0.05172413793103445
6 0.5306068509714299 0.5616710875331563 0.05379424295562894 0.054376657824933755
6 0.4313320207896785 0.5629973474801059 0.0528161658109811 0.054376657824933596
6 0.6308597582978291 0.561007957559682 0.054772320100276634 0.05305039787798431
6 0.7311126656242283 0.5610079575596817 0.053794242955628846 0.05305039787798409
7 0.23180428328152794 0.6472148541114059 0.0528161658109811 0.05305039787798394
7 0.33205719060792716 0.6472148541114057 0.0537942429556289 0.053050397877984067
7 0.5315849281160777 0.6478779840848806 0.05183808866633335 0.05172413793103452
7 0.631837835442477 0.6478779840848804 0.052816165810980954 0.051724137931034475
