8 0.47827972373277283 0.9031830238726792 0.046947702943094215 0.05835543766578254
1 0.3599323892303894 0.7712201591511936 0.009780771446477985 0.04376657824933687
2 0.26799313763349647 0.26591511936339524 0.05477232010027667 0.057029177718832924
2 0.36824604495989566 0.26657824933687 0.053794242955628846 0.053050397877984067
2 0.4689879908586188 0.26657824933687 0.05183808866633321 0.053050397877984067
2 0.5687518596126941 0.26724137931034475 0.053794242955628846 0.05437665782493366
2 0.6685157283667693 0.2659151193633952 0.053794242955628825 0.051724137931034454
2 0.7687686356931687 0.26657824933686997 0.054772320100276634 0.05305039787798402
3 0.269949291922792 0.35278514588859416 0.052816165810981024 0.053050397877984067
3 0.3687350835322195 0.35278514588859416 0.05477232010027656 0.053050397877984067
3 0.46849895228629485 0.35278514588859416 0.05281616581098106 0.053050397877984067
3 0.5682628210403702 0.3527851458885941 0.05477232010027662 0.05570291777188326
3 0.6680266897944455 0.3527851458885944 0.054772320100276516 0.0530503978779841
3 0.7687686356931687 0.35278514588859416 0.05281616581098106 0.053050397877984067
4 0.2684821762058203 0.4376657824933687 0.05575039724492445 0.055702917771883305
4 0.3682460449598956 0.43832891246684347 0.055750397244924414 0.054376657824933686
4 0.4694770294309427 0.4376657824933687 0.05281616581098099 0.055702917771883305
4 0.568751859612694 0.43832891246684347 0.053794242955628846 0.054376657824933686
4 0.6690047669390933 0.43766578249336874 0.05477232010027649 0.053050397877984136
4 0.7687686356931687 0.4376657824933687 0.054772320100276634 0.055702917771883305
5 0.2684821762058203 0.5245358090185677 0.053794242955628846 0.05172413793103452
5 0.36824604495989566 0.5251989389920424 0.053794242955628846 0.053050397877984067
5 0.4689879908586187 0.5245358090185676 0.053794242955628825 0.05172413793103448
5 0.5697299367573418 0.5251989389920424 0.05183808866633321 0.053050397877984067
5 0.6690047669390933 0.5251989389920424 0.0528161658109812 0.05305039787798396
5 0.7687686356931687 0.5232095490716181 0.05281616581098106 0.05172413793103452
6 0.2684821762058203 0.6087533156498673 0.053794242955628846 0.053050397877984
6 0.36824604495989566 0.6094164456233422 0.053794242955628846 0.05437665782493355
6 0.46849895228629485 0.610079575596817 0.05281616581098106 0.055702917771883236
6 0.5677737824680462 0.6094164456233422 0.053794242955628846 0.05172413793103445
6 0.6680266897944455 0.6094164456233422 0.05281616581098106 0.05437665782493355
6 0.7687686356931687 0.6080901856763926 0.05281616581098106 0.054376657824933686
7 0.2684821762058203 0.6962864721485411 0.05575039724492445 0.05305039787798421
7 0.3677570063875717 0.6962864721485411 0.0567284743895722 0.055702917771883305
7 0.5682628210403702 0.6962864721485411 0.054772320100276634 0.055702917771883305
