8 0.5032206909212917 0.9038461538461539 0.04792578008774207 0.05437665782493355
1 0.3907418192867949 0.7161803713527851 0.010758848591125698 0.04244031830238725
2 0.20001677608047452 0.2652519893899204 0.053794242955628846 0.05835543766578251
2 0.30026968340687377 0.26591511936339524 0.0528161658109811 0.057029177718832924
2 0.39905547501630123 0.26591511936339524 0.054772320100276634 0.057029177718832924
2 0.5007754980596723 0.26591511936339524 0.0547723201002767 0.05437665782493365
2 0.6005393668137473 0.2652519893899203 0.054772320100276516 0.05570291777188326
2 0.7003032355678226 0.26657824933687 0.054772320100276634 0.055702917771883305
3 0.2005058146527984 0.3521220159151193 0.05672847438957224 0.054376657824933686
3 0.30026968340687377 0.35212201591511944 0.0528161658109811 0.05172413793103452
3 0.40003355216094905 0.35344827586206895 0.05281616581098106 0.054376657824933686
3 0.5002864594873483 0.3507957559681698 0.053794242955628846 0.05437665782493371
3 0.6000503282414236 0.3514588859416445 0.05379424295562879 0.05305039787798413
3 0.6993251584231749 0.3514588859416446 0.054772320100276634 0.055702917771883236
4 0.20001677608047452 0.4403183023872679 0.055750397244924414 0.047745358090185736
4 0.30026968340687377 0.4403183023872679 0.054772320100276634 0.053050397877984067
4 0.39954451358862514 0.43899204244031836 0.055750397244924414 0.0503978779840849
4 0.4997974209150244 0.44164456233421745 0.05672847438957234 0.050397877984084884
4 0.6000503282414236 0.44098143236074266 0.053794242955628846 0.04907161803713528
4 0.6998141969954988 0.4396551724137931 0.055750397244924414 0.05172413793103445
5 0.20001677608047452 0.5232095490716181 0.05770655153422005 0.04907161803713528
5 0.30026968340687377 0.5218832891246684 0.0528161658109811 0.04907161803713528
5 0.40003355216094894 0.5212201591511938 0.054772320100276634 0.04774535809018582
5 0.4997974209150244 0.5218832891246684 0.054772320100276634 0.04907161803713528
5 0.6010284053860714 0.5225464190981433 0.055750397244924484 0.05039787798408483
5 0.7007922741401467 0.5212201591511936 0.05575039724492456 0.050397877984084974
6 0.19903869893582674 0.6087533156498673 0.05575039724492445 0.05835543766578254
6 0.29929160626222595 0.6080901856763926 0.05477232010027667 0.05172413793103445
6 0.39954451358862514 0.6094164456233422 0.053794242955628846 0.05437665782493355
6 0.4993083823427004 0.6087533156498673 0.055750397244924484 0.053050397877984
6 0.5985832125244518 0.610079575596817 0.05672847438957227 0.055702917771883236
6 0.6983470812785271 0.6080901856763926 0.0567284743895722 0.054376657824933686
7 0.2005058146527984 0.6949602122015915 0.054772320100276634 0.055702917771883305
7 0.29978064483454986 0.6942970822281167 0.053794242955628846 0.05437665782493355
7 0.5002864594873483 0.6942970822281168 0.055750397244924484 0.0543766578249335
