8 0.4782797237327722 0.9045092838196286 0.04694770294309415 0.053050397877983796
0 0.6274364882915618 0.0762599469496021 0.047925780087742134 0.04376657824933685
1 0.3966102821546818 0.6518567639257294 0.010758848591125698 0.04641909814323604
1 0.40296778359489244 0.8806366047745356 0.011736925735773554 0.055702917771883305
2 0.19414831321258774 0.21816976127320956 0.053794242955628846 0.05437665782493374
2 0.294401220538987 0.21816976127320956 0.0528161658109811 0.05437665782493372
2 0.3936760507207385 0.21816976127320953 0.053794242955628846 0.05172413793103439
2 0.4944179966194615 0.21750663129973474 0.053794242955628915 0.0530503978779841
2 0.593203788228889 0.21816976127320956 0.055750397244924484 0.05437665782493372
2 0.6934566955552881 0.21816976127320956 0.05281616581098092 0.05437665782493372
3 0.19365927464026383 0.30437665782493367 0.054772320100276634 0.05437665782493365
3 0.294401220538987 0.30437665782493367 0.054772320100276654 0.05437665782493361
3 0.3941650892930621 0.30305039787798405 0.054772320100276634 0.05437665782493368
3 0.4939289580471376 0.30305039787798405 0.052816165810981135 0.054376657824933686
3 0.5941818653735367 0.30437665782493367 0.05379424295562888 0.05437665782493364
3 0.6934566955552881 0.30305039787798405 0.05477232010027677 0.054376657824933686
4 0.19365927464026383 0.3945623342175067 0.054772320100276634 0.04907161803713528
4 0.2948902591113109 0.39323607427055707 0.05379424295562888 0.05172413793103452
4 0.39318701214841445 0.39323607427055707 0.054772320100276634 0.04907161803713528
4 0.49295088090248984 0.3925729442970822 0.0547723201002767 0.04774535809018566
4 0.593203788228889 0.39323607427055707 0.055750397244924484 0.04907161803713528
4 0.6929676569829641 0.3925729442970821 0.053794242955628714 0.047745358090185645
5 0.19365927464026383 0.47413793103448304 0.05281616581098107 0.04907161803713529
5 0.29440122053898693 0.473474801061008 0.052816165810981 0.05039787798408482
5 0.39416508929306227 0.4741379310344827 0.05281616581098106 0.04907161803713528
5 0.4939289580471376 0.4748010610079575 0.054772320100276634 0.0503978779840849
5 0.5936928268012128 0.4741379310344827 0.054772320100276634 0.04907161803713528
5 0.6934566955552881 0.47281167108753314 0.05477232010027677 0.05172413793103445
6 0.19317023606793995 0.5623342175066313 0.05575039724492445 0.055702917771883305
6 0.294401220538987 0.5616710875331564 0.054772320100276634 0.05437665782493371
6 0.3936760507207384 0.5610079575596818 0.05379424295562882 0.055702917771883305
6 0.4939289580471376 0.5610079575596817 0.052816165810981135 0.055702917771883305
6 0.5936928268012128 0.5616710875331564 0.05281616581098106 0.05437665782493364
6 0.6929676569829639 0.5616710875331565 0.05575039724492439 0.054376657824933866
7 0.19463735178491162 0.6472148541114058 0.05281616581098106 0.053050397877984067
7 0.2939121819666631 0.6472148541114059 0.053794242955628846 0.055702917771883236
7 0.4944179966194615 0.6472148541114059 0.055750397244924484 0.055702917771883236
7 0.5941818653735368 0.6472148541114059 0.053794242955628846 0.055702917771883236
