8 0.4905056880408702 0.9025198938992047 0.0459696257984465 0.054376657824933866
1 0.33450238346954664 0.8905835543766574 0.011736925735773542 0.054376657824933554
1 0.5218041566695998 0.6697612732095493 0.008802694301830113 0.03448275862068968
0 0.3961212435823579 0.07692307692307693 0.04890385723238985 0.045092838196286476
7 0.6245022568576182 0.6478779840848806 0.05183808866633311 0.05172413793103459
7 0.2249577432689933 0.6472148541114059 0.054772320100276585 0.05305039787798402
7 0.32472161202306865 0.6472148541114058 0.054772320100276634 0.053050397877984067
7 0.5247383881035433 0.6458885941644565 0.051838088666333375 0.053050397877984
2 0.22642485898596504 0.22015915119363402 0.0557503972449245 0.053050397877984136
2 0.3261887277400404 0.21816976127320956 0.053794242955628846 0.05437665782493372
2 0.4249745193494679 0.21949602122015918 0.053794242955628846 0.05437665782493365
2 0.5252274266758669 0.21949602122015918 0.05281616581098104 0.05172413793103452
2 0.6249912954299425 0.21816976127320956 0.05281616581098106 0.05437665782493372
2 0.7252442027563417 0.21883289124668434 0.053794242955628485 0.050397877984084814
3 0.22446870469666946 0.30437665782493367 0.05379424295562888 0.05172413793103448
3 0.3256996891677164 0.3050397877984085 0.05281616581098099 0.0557029177718832
3 0.42497451934946795 0.30437665782493367 0.053794242955628846 0.05172413793103452
3 0.5252274266758671 0.30503978779840857 0.05281616581098107 0.053050397877984115
3 0.6245022568576185 0.3050397877984085 0.055750397244924484 0.0530503978779841
3 0.7242661256116938 0.3037135278514589 0.053794242955628846 0.05305039787798403
4 0.22446870469666946 0.38992042440318303 0.053794242955628846 0.053050397877984
4 0.32472161202306865 0.3899204244031829 0.05281616581098104 0.053050397877984115
4 0.4249745193494679 0.3905835543766578 0.053794242955628846 0.054376657824933616
4 0.5247383881035431 0.3905835543766578 0.053794242955628756 0.05172413793103439
4 0.6249912954299424 0.3892572944297082 0.0547723201002767 0.054376657824933686
4 0.7257332413286656 0.3905835543766578 0.05281616581098106 0.05172413793103445
5 0.22446870469666946 0.47612732095490723 0.053794242955628846 0.055702917771883305
5 0.3256996891677165 0.4774535809018568 0.05477232010027667 0.05570291777188329
5 0.4254635579217918 0.47679045092838196 0.054772320100276634 0.057029177718832855
5 0.5242493495312194 0.47612732095490723 0.054772320100276634 0.055702917771883305
5 0.6249912954299425 0.47612732095490723 0.05281616581098107 0.055702917771883305
5 0.7252442027563416 0.476790450928382 0.053794242955628846 0.057029177718832876
6 0.22544678184131725 0.5616710875331564 0.055750397244924414 0.054376657824933755
6 0.32472161202306865 0.5603448275862069 0.052816165810981024 0.054376657824933686
6 0.42595259649411565 0.5616710875331564 0.053794242955628846 0.054376657824933755
6 0.5247383881035432 0.5616710875331565 0.05379424295562889 0.05437665782493355
6 0.6254803340022663 0.5610079575596817 0.055750397244924484 0.055702917771883305
6 0.7252442027563413 0.5616710875331566 0.053794242955628846 0.05437665782493365
