8 0.3219589730706424 0.9041835357624831 0.04677611046157715 0.053981106612685605
0 0.3403708463374335 0.07557354925775979 0.04777134685437659 0.043184885290148446
1 0.3154899365174456 0.7631578947368421 0.009952363927995051 0.03913630229419695
2 0.31300184553544685 0.31376518218623484 0.05274752881837422 0.05533063427800272
2 0.41302310301179795 0.3130904183535762 0.05573323799677268 0.053981106612685535
2 0.5115515058989497 0.3130904183535762 0.053742765211173736 0.053981106612685535
2 0.6130656179645001 0.31376518218623484 0.05175229242557478 0.05533063427800272
2 0.7125892572444513 0.3130904183535762 0.05573323799677268 0.053981106612685535
2 0.8136057511136019 0.31376518218623484 0.05274752881837415 0.05533063427800272
3 0.31250422733904715 0.3987854251012146 0.055733237996772725 0.052631578947368425
3 0.41302310301179795 0.3994601889338732 0.05374276521117366 0.053981106612685605
3 0.5130443604881489 0.39878542510121456 0.05473800160397317 0.05533063427800276
3 0.6120703815717006 0.3987854251012146 0.05573323799677276 0.05533063427800279
3 0.7125892572444513 0.39946018893387325 0.055733237996772676 0.05937921727395414
3 0.8131081329172021 0.39946018893387314 0.05374276521117365 0.056680161943319846
4 0.31150899094624757 0.48313090418353577 0.05772371078237178 0.053981106612685605
4 0.41252548481539814 0.48717948717948717 0.054738001603973165 0.05128205128205126
4 0.513044360488149 0.4871794871794873 0.05672847438957236 0.04858299595141704
4 0.6130656179645 0.487179487179487 0.05573323799677258 0.051282051282051225
4 0.7120916390480516 0.48852901484480427 0.05473800160397317 0.04858299595141695
4 0.8131081329172022 0.48717948717948717 0.05374276521117366 0.04858299595141709
5 0.31150899094624757 0.5681511470985156 0.051752292425574706 0.051282051282051315
5 0.4125254848153982 0.5695006747638327 0.05473800160397317 0.05128205128205117
5 0.5130443604881489 0.5688259109311741 0.05274752881837415 0.04993252361673413
5 0.6130656179645001 0.5688259109311741 0.053742765211173736 0.04993252361673413
5 0.7125892572444513 0.5688259109311741 0.05374276521117366 0.052631578947368356
5 0.8126105147208026 0.5681511470985156 0.05274752881837415 0.051282051282051315
6 0.31051375455344804 0.6565452091767879 0.055733237996772725 0.055330634278002624
6 0.41302310301179795 0.6578947368421052 0.05374276521117366 0.052631578947368425
6 0.5130443604881489 0.656545209176788 0.05473800160397317 0.052631578947368494
6 0.6125679997681006 0.655195681511471 0.05473800160397326 0.05263157894736848
6 0.7125892572444513 0.6572199730094467 0.051752292425574636 0.053981106612685605
6 0.8126105147208026 0.6558704453441295 0.05274752881837415 0.051282051282051384
7 0.6125679997681003 0.742914979757085 0.05473800160397325 0.05533063427800286
1 0.7220440029760468 0.923076923076923 0.006966654749596585 0.01079622132253718
